# Created by Octave 8.3.0, Mon Apr 07 04:56:41 2025 -03 <santi@agc>
# name: x
# type: matrix
# rows: 190
# columns: 10
 129.32184137696726 0 13.261272294562149 0 0 0 0 0.15454741698338609 0 5000
 129.32165438018492 0 13.267024328339936 0 0.00017122570865483894 0 0 0.15454781454394731 0 5000.0315667186333
 129.32135827847696 0 13.275817346651341 0 0.00042635582770390802 0 0 0.15454989545390577 0 5000.0788676216225
 129.32087932701916 0 13.28937283181469 0 0.00080517934627936092 0 0 0.15455632835920649 0 5000.1497087970438
 129.32008367200774 0 13.310511826509202 0 0.0013646133715810673 0 0 0.15457333079486013 0 5000.2557242736821
 129.3187200571634 0 13.343973684179288 0 0.0021836745729853025 0 0 0.15461504421487271 0 5000.4141990380549
 129.31630419502332 0 13.397910162226488 0 0.0033661796583349841 0 0 0.15471293680716577 0 5000.6506975494658
 129.3118891786707 0 13.486559137547493 0 0.0050336750317618636 0 0 0.15493528256089734 0 5001.002788937456
 129.30363197757873 0 13.634680169077305 0 0.0072892190562967047 0 0 0.15542493803291826 0 5001.5252251794182
 129.28807403334071 0 13.883415362646163 0 0.010107272973451603 0 0 0.15646315554337173 0 5002.2970917416078
 129.25936796979832 0 14.292187655654249 0 0.013065816963976897 0 0 0.15854210676489888 0 5003.4322715139724
 129.22568238159232 0 14.726566940634035 0 0.014604553721149435 0 0 0.1611092459369971 0 5004.5852753415265
 129.19577083298054 0 15.085999444978459 0 0.014816237313919492 0 0 0.16347030925350231 0 5005.5721996383918
 129.16916177910778 0 15.390421422993931 0 0.014220471151034055 0 0 0.16564292777467657 0 5006.4874930472251
 129.14595137248475 0 15.646608552422109 0 0.013056161264126752 0 0 0.16761911009594324 0 5007.3725815789439
 129.12666729097441 0 15.85428183376265 0 0.011495652860433038 0 0 0.16935842557399691 0 5008.2396842579492
 129.11168020443475 0 16.01371086540393 0 0.0096891983026893766 0 0 0.17082905510216018 0 5009.0931247161179
 129.10107984401679 0 16.127081559986749 0 0.0077665811176754803 0 0 0.17201661144471311 0 5009.9347777037701
 129.09470241228775 0 16.198205801511932 0 0.0058374928651832268 0 0 0.17292211966714116 0 5010.7644500547958
 129.09217062215603 0 16.232184530386792 0 0.0039919649491446767 0 0 0.17355966717874571 0 5011.5796473024429
 129.09293212078339 0 16.235130713434756 0 0.0023017080814913124 0 0 0.17395425081059601 0 5012.3745753807825
 129.09627724771553 0 16.214078918851623 0 0.00082347282183321499 0 0 0.17414042964910575 0 5013.1373826898553
 129.10128520585607 0 16.177457109573425 0 -0.00039158403264815886 0 0 0.17416343349352506 0 5013.8417217618789
 129.10680221425079 0 16.135326871274636 0 -0.0013089572092170538 0 0 0.17408325429574986 0 5014.446815741614
 129.11510997827611 0 16.070702325209467 0 -0.0023000111755500739 0 0 0.17386778508448852 0 5015.2180707679672
 129.12951178432664 0 15.957968657983603 0 -0.0034141859082157701 0 0 0.1733550066759029 0 5016.3824918242181
 129.14901407488415 0 15.806866235038262 0 -0.0041903199111815188 0 0 0.1725072531218251 0 5017.8381611828372
 129.1646995379308 0 15.688534209586793 0 -0.0043690351459360639 0 0 0.17174669012376537 0 5019.0081756779355
 129.17753567054712 0 15.595294473401088 0 -0.004255581693891175 0 0 0.17108957970925537 0 5020.0149947935515
 129.1889158380647 0 15.516729229804936 0 -0.0039587477752109244 0 0 0.17048967557736838 0 5020.9812959171604
 129.19893258215561 0 15.452296538978015 0 -0.0035317159023473066 0 0 0.16995510218400089 0 5021.9257261157154
 129.20755995929002 0 15.402109224619169 0 -0.0030203308275204756 0 0 0.16949683949048516 0 5022.8507200037984
 129.21482324150205 0 15.365697148069033 0 -0.0024643650655135864 0 0 0.16912062186170948 0 5023.7568249071892
 129.22079297006275 0 15.342080207890556 0 -0.0018976763375593768 0 0 0.16882746240121987 0 5024.6432687070483
 129.22557494336178 0 15.329869230054758 0 -0.0013482767578414752 0 0 0.16861434895796037 0 5025.5078493748724
 129.229299343354 0 15.327357701607527 0 -0.0008385927690040129 0 0 0.168474927644852 0 5026.346211030761
 129.23210911677589 0 15.332574479541385 0 -0.00038615288557537942 0 0 0.16840003551967886 0 5027.1499036176292
 129.2342523540631 0 15.344020162559232 0 1.6144533622802846e-05 0 0 0.16837777023651129 0 5027.946249585123
 129.23603449083731 0 15.362997346486651 0 0.00040535334955805178 0 0 0.16840725422765232 0 5028.8452513204011
 129.23752437030649 0 15.392770282905808 0 0.00078054020043186157 0 0 0.1685090413564698 0 5029.9528225121585
 129.23866784493677 0 15.43364093557665 0 0.0010735107195839213 0 0 0.16869984739312707 0 5031.2787104119034
 129.23944895610862 0 15.471071025931519 0 0.0011966083237953604 0 0 0.16890668126339664 0 5032.4540605422035
 129.24018521354145 0 15.502028610093157 0 0.0012103009472771728 0 0 0.16909617602492488 0 5033.4702743809512
 129.24107169494494 0 15.528378523770945 0 0.001157178514059216 0 0 0.16927018703334001 0 5034.4190492350108
 129.2422109148105 0 15.550706650489035 0 0.0010566110340279279 0 0 0.16942782553481586 0 5035.3383103911028
 129.24365305394079 0 15.568959273723305 0 0.00092296030702178366 0 0 0.16956544572543497 0 5036.2360387014269
 129.24541512812888 0 15.583158057009319 0 0.00076883429999827734 0 0 0.16968038897476356 0 5037.113791269705
 129.24754910748049 0 15.593722406562634 0 0.0006006685996498563 0 0 0.16977366834070282 0 5037.9942903837773
 129.25014437357868 0 15.600897221788635 0 0.00042167559220250474 0 0 0.16984570336633978 0 5038.9059756610377
 129.25327833507336 0 15.604612779801801 0 0.00023735590442926785 0 0 0.16989446692039201 0 5039.8649132437076
 129.25706453642928 0 15.604748964565538 0 5.3124497477893855e-05 0 0 0.16991743661020117 0 5040.8948031329828
 129.26170182520605 0 15.601058850361698 0 -0.00012550250143194208 0 0 0.16991081839394456 0 5042.0371897791538
 129.2676496800367 0 15.592876721760046 0 -0.0002928516682377594 0 0 0.1698667901557917 0 5043.3875622529595
 129.27704314825226 0 15.576709545845191 0 -0.00044534489369365236 0 0 0.16975153888522215 0 5045.3864401931278
 129.28552715277107 0 15.561831000408381 0 -0.00049033672135538196 0 0 0.1696243910796349 0 5047.1373596614621
 129.29229816292187 0 15.551279544727475 0 -0.00047692061300480673 0 0 0.16951961656269762 0 5048.537812953854
 129.29849015961437 0 15.543402819728419 0 -0.00043539318022379147 0 0 0.16942780203586 0 5049.8399648193972
 129.30448939473291 0 15.537815692276039 0 -0.00037617272852007378 0 0 0.16934678782013005 0 5051.1318434614441
 129.31046725414268 0 15.53449794908123 0 -0.00030632353910917554 0 0 0.16927702488067919 0 5052.4548516901932
 129.31659963451048 0 15.533489228692105 0 -0.00023182534052923541 0 0 0.16921900903510384 0 5053.8507260498009
 129.3231510317172 0 15.534887957687371 0 -0.00015842049891259002 0 0 0.16917295871120877 0 5055.3806839534409
 129.33068260454297 0 15.538972112806954 0 -9.2450701034678303e-05 0 0 0.16913843748054516 0 5057.1733800816783
 129.3415192147628 0 15.54720955791354 0 -4.395303151608811e-05 0 0 0.1691119989821879 0 5059.7644173439749
 129.35218319742191 0 15.555271221200631 0 -4.5891952055985546e-05 0 0 0.16909522589118475 0 5062.2654549610452
 129.3609937398067 0 15.560480801998089 0 -7.2065944276190967e-05 0 0 0.16907710070315479 0 5064.2640641031721
 129.36981799607517 0 15.563997855447182 0 -0.00010779435018842961 0 0 0.16905012363009933 0 5066.196299813455
 129.37947908264672 0 15.566106851283955 0 -0.00014712186407767934 0 0 0.16900956436662182 0 5068.2373600837373
 129.39090849044297 0 15.566940566160509 0 -0.00018482115553147799 0 0 0.16894908630908759 0 5070.5677374021052
 129.40707231044954 0 15.566704090828486 0 -0.00021504808370163963 0 0 0.1688493437142686 0 5073.7458884241823
 129.42740840122147 0 15.566505685978802 0 -0.00022110682531812189 0 0 0.16871699050944122 0 5077.6070114816539
 129.44409939574453 0 15.567481503759023 0 -0.00021233000579121204 0 0 0.16861220960394285 0 5080.6897518534915
