# Created by Octave 8.3.0, Mon Apr 07 01:26:33 2025 -03 <santi@agc>
# name: x
# type: matrix
# rows: 216
# columns: 10
 129.52527265119497 0 11.09971822316243 0 0 0 0 0.10293982419303295 0 5000
 129.52508823889005 0 11.111171709349815 0 0.00034244979163767109 0 0 0.102940619309004 0 5000.0105046459857
 129.52478496660865 0 11.128682297288021 0 0.00085272053919842859 0 0 0.10294478114956336 0 5000.0261633766095
 129.5242703861274 0 11.155681079587936 0 0.0016104122535437247 0 0 0.10295764727077836 0 5000.0494313643567
 129.5233652667628 0 11.197793108358493 0 0.0027294115934233081 0 0 0.10299165395810037 0 5000.0838413316169
 129.52171122851155 0 11.264473439394356 0 0.0043678727232210179 0 0 0.10307508895236124 0 5000.134360625525
 129.51857521850718 0 11.371994838122516 0 0.0067336996051372885 0 0 0.1032709064382972 0 5000.207715052793
 129.5124390649882 0 11.548798757795563 0 0.010070570625197596 0 0 0.10371571680574126 0 5000.3124400015331
 129.50016294540507 0 11.844381774971216 0 0.014585804032732786 0 0 0.10469544255639222 0 5000.4581390169751
 129.47541311445039 0 12.341059271029 0 0.020230547266817701 0 0 0.10677325503454035 0 5000.6531412539734
 129.42638752147607 0 13.157838278269834 0 0.026164005892089039 0 0 0.11093545412633182 0 5000.9004738969161
 129.36486729865749 0 14.028943547670968 0 0.029265058152586208 0 0 0.11609442078830534 0 5001.1130459147389
 129.30774094227752 0 14.748391522860462 0 0.029695413760980654 0 0 0.12083209172040578 0 5001.2725573588477
 129.25525906456585 0 15.357145535385818 0 0.028507127997094841 0 0 0.12518924142883944 0 5001.410298339385
 129.2083410560893 0 15.869074657665546 0 0.026180810546878382 0 0 0.12915186622565147 0 5001.5407377409556
 129.16860078781679 0 16.283799676942419 0 0.023061806993081101 0 0 0.13264025321773038 0 5001.6711809863773
 129.13723598098684 0 16.601943469732426 0 0.019450787687923608 0 0 0.13559128679480842 0 5001.8062012210657
 129.11475420018994 0 16.827921568713734 0 0.015607299188172188 0 0 0.13797648743327498 0 5001.9487195407473
 129.10102305272017 0 16.969368332226516 0 0.011750635585880563 0 0 0.13979800117374999 0 5002.1001972598215
 129.0953659335282 0 17.036468274917759 0 0.0080607047294712353 0 0 0.14108391486695437 0 5002.2606835828219
 129.09666717601243 0 17.041402806665655 0 0.0046806040777396026 0 0 0.14188392844830147 0 5002.4286726310784
 129.10344140772608 0 16.998158836042915 0 0.0017230522101849498 0 0 0.14226654869380531 0 5002.6005087633093
 129.11376119905731 0 16.923426901251133 0 -0.00071183618358097289 0 0 0.142320947656108 0 5002.7683376364575
 129.1245154970799 0 16.84258132826676 0 -0.0024566661284033831 0 0 0.14217850389649328 0 5002.9107434552261
 129.1410042993439 0 16.716380698569921 0 -0.0043958613757869728 0 0 0.14177904931007362 0 5003.1036323782309
 129.16944899492694 0 16.496350395111687 0 -0.0065921649969084067 0 0 0.14081636683431936 0 5003.4080096413209
 129.20910002302949 0 16.189726725685002 0 -0.0081878017336052145 0 0 0.13914833888652417 0 5003.8209578962505
 129.24069049662216 0 15.948942195435722 0 -0.0085520337675012905 0 0 0.13764287507643297 0 5004.1636428670163
 129.26578152927982 0 15.762654171297406 0 -0.008322985378996936 0 0 0.13636745158852576 0 5004.4572207645488
 129.28780459180265 0 15.605367952556533 0 -0.0077300182837256063 0 0 0.13520530727744609 0 5004.7406736969851
 129.30698891429802 0 15.475967860084433 0 -0.0068782235827813754 0 0 0.1341726610346326 0 5005.0178128265934
 129.32332093336541 0 15.374701995072567 0 -0.0058584898101733621 0 0 0.1332913374857391 0 5005.2880809368107
 129.3368814167373 0 15.300650733711606 0 -0.0047498666473171618 0 0 0.13257266594068298 0 5005.5507002009581
 129.34783233431219 0 15.251867285803391 0 -0.0036198521541646426 0 0 0.13201849616856076 0 5005.8047730967555
 129.35639800292682 0 15.225571325077986 0 -0.002524568619529855 0 0 0.13162252455707038 0 5006.0491830942838
 129.362846422541 0 15.218318461034436 0 -0.0015094208723216188 0 0 0.13137154265760592 0 5006.2822941313552
 129.36747101903916 0 15.226077408188941 0 -0.00061087255430880799 0 0 0.13124626778973036 0 5006.5012322400171
 129.37056948630649 0 15.24404148957362 0 0.00013869336557134875 0 0 0.13122093802623827 0 5006.6999250730523
 129.37266161309159 0 15.269678543688038 0 0.00078341174827495201 0 0 0.13126990875222463 0 5006.8901488269476
 129.37414742809 0 15.307068612477615 0 0.0014161844992624914 0 0 0.13140363941964356 0 5007.1062971449837
 129.37498931609295 0 15.371843284155601 0 0.0021198402118987433 0 0 0.1317165074248812 0 5007.4165649373799
 129.37473595554371 0 15.457546532621667 0 0.0026291605336744785 0 0 0.1322208086167429 0 5007.7843543917825
 129.3741325598383 0 15.529543054666236 0 0.0027945022671645413 0 0 0.13270366154768035 0 5008.091140636725
 129.37374784948184 0 15.589645032090138 0 0.0027658376885653052 0 0 0.13314672218335352 0 5008.3652363790288
 129.37380441282048 0 15.640223746484601 0 0.0026116910429471868 0 0 0.13355266537150332 0 5008.6251352983381
 129.37444243438244 0 15.682069496026388 0 0.002368528408501336 0 0 0.13391964792510844 0 5008.87961883771
 129.37574534055065 0 15.71504563482504 0 0.00206616167555718 0 0 0.13424027407259273 0 5009.1305383101717
 129.37774219108366 0 15.739361349604783 0 0.0017302389148881618 0 0 0.13451031454838921 0 5009.3789647766707
 129.38041752852237 0 15.755538553763541 0 0.0013825549780553397 0 0 0.13472845007790588 0 5009.6255081583922
 129.38372030179278 0 15.764348565261905 0 0.0010411229920567965 0 0 0.13489584280697553 0 5009.8704394798106
 129.38757177051727 0 15.766743982312558 0 0.00072025541039806985 0 0 0.13501566270724055 0 5010.113723891589
 129.3918714823007 0 15.76379624199739 0 0.00043074252299434528 0 0 0.13509261888750512 0 5010.3549649202596
 129.39705501977593 0 15.755602295426938 0 0.00015366136072214354 0 0 0.1351351563255638 0 5010.6207985356114
 129.40361219726489 0 15.741010401568081 0 -0.00010933783791360145 0 0 0.13513844330888358 0 5010.9347208241343
 129.41339613629918 0 15.714905619890892 0 -0.00035906425229617151 0 0 0.13508023461109137 0 5011.3819923272013
 129.42322234488637 0 15.687074673569485 0 -0.00046993766364703823 0 0 0.1349799347991249 0 5011.8273049263344
 129.43093228537529 0 15.665973460825162 0 -0.00047311280283377963 0 0 0.13488928326847813 0 5012.1860230848724
 129.43724250324374 0 15.650121752357167 0 -0.00042710812759118929 0 0 0.13481590381262418 0 5012.4923410793663
 129.44308312302491 0 15.637211356586066 0 -0.0003495905848446053 0 0 0.13475444395548414 0 5012.7909029944858
 129.44858349941924 0 15.627116495500715 0 -0.00024949962239716444 0 0 0.13470716107777181 0 5013.0896297022455
 129.45382120857576 0 15.619834233581393 0 -0.00013376941563398724 0 0 0.134676401002676 0 5013.3942361867112
 129.45886497498881 0 15.615401163855621 0 -8.3840614783094289e-06 0 0 0.13466459741965658 0 5013.7105351200044
 129.46379508252707 0 15.613886665178107 0 0.00012110004384147124 0 0 0.13467456393539814 0 5014.0459465751719
 129.46873127830301 0 15.615423167336308 0 0.00024920052521292218 0 0 0.13471016536595518 0 5014.4120893101244
 129.4739065658209 0 15.620329403880556 0 0.00037015267451927589 0 0 0.13477834059204097 0 5014.8321569205036
 129.48004270877811 0 15.629798775800952 0 0.00047742229772739799 0 0 0.13489957873164049 0 5015.378879252321
 129.48685216498058 0 15.642636296888256 0 0.00053155913068609923 0 0 0.13507286320489492 0 5016.0380123896757
 129.49207583607239 0 15.652006964347454 0 0.00052506530261479121 0 0 0.13521753090296715 0 5016.568208367763
 129.49659729362986 0 15.658552667105219 0 0.00049361797935292223 0 0 0.13533951557860063 0 5017.0350304970871
 129.50108133713465 0 15.663131634047893 0 0.00044858080791071171 0 0 0.13545137940612978 0 5017.5006746585159
 129.50574894815855 0 15.665834798951954 0 0.0003966577685990148 0 0 0.13555553846951024 0 5017.9870799304608
 129.51081218621053 0 15.666678884758937 0 0.0003435859428078339 0 0 0.13565453833968488 0 5018.518728247328
