# Created by Octave 8.3.0, Mon Apr 07 01:27:26 2025 -03 <santi@agc>
# name: x
# type: matrix
# rows: 194
# columns: 10
 129.52921635192158 0 11.053601732335562 0 0 0 0 0.12003707972232483 0 5000
 129.52903645634234 0 11.065082909425769 0 0.00034244779205218053 0 0 0.12003787483414312 0 5000.0210323151277
 129.52874007130367 0 11.082634980693694 0 0.00085271096050468611 0 0 0.12004203663603115 0 5000.0524824770428
 129.52823607054998 0 11.109695851337593 0 0.0016103810926725083 0 0 0.12005490254997025 0 5000.0994374498387
 129.52734736900226 0 11.151900647700463 0 0.002729325394052436 0 0 0.12008890833615102 0 5000.1693775340636
 129.52571915166556 0 11.21871912063089 0 0.0043676540740340448 0 0 0.12017233980817781 0 5000.2731912045765
 129.52262442859839 0 11.326444853086819 0 0.0067331739459733815 0 0 0.12036814436846906 0 5000.4264854426974
 129.51655552018977 0 11.503546888093313 0 0.010069354807715649 0 0 0.12081290929812626 0 5000.65111631127
 129.50439080528969 0 11.799552508366432 0 0.014583087553173434 0 0 0.12179248087828182 0 5000.9766661807562
 129.47982727441359 0 12.296793078546127 0 0.020224718453768317 0 0 0.12386978959050314 0 5001.4414283615333
 129.43111060138384 0 13.114222900778502 0 0.026152223568219203 0 0 0.12803042530173359 0 5002.0933694132018
 129.36999506494132 0 13.984871523580349 0 0.029244771465824805 0 0 0.13318115218166376 0 5002.7254551938249
 129.31319491035677 0 14.704162113221765 0 0.029672012542179799 0 0 0.13791282686288092 0 5003.2480632603156
 129.26099297197209 0 15.312815195344827 0 0.028482399202181586 0 0 0.14226476695321075 0 5003.7243946295812
 129.21431713137235 0 15.824672518765732 0 0.026155704939869902 0 0 0.14622268423021131 0 5004.1827123390703
 129.17478326109762 0 16.239338902867207 0 0.023036995903909185 0 0 0.14970669181752416 0 5004.6338077872515
 129.14358933984164 0 16.55744430808334 0 0.019426742196820116 0 0 0.1526536668601369 0 5005.0831045498999
 129.12124452941651 0 16.783411734972841 0 0.015584333470934061 0 0 0.15503512057534793 0 5005.5337206811437
 129.10761914546873 0 16.924882763880291 0 0.011728942275271562 0 0 0.15685318884650074 0 5005.9867809885418
 129.10203996409695 0 16.992049346000503 0 0.0080403949007799569 0 0 0.1581359558384188 0 5006.4413695870498
 129.10339475147543 0 16.997101987669453 0 0.0046617660171037138 0 0 0.15893314146212351 0 5006.8940302347801
 129.11020061794517 0 16.95404193836713 0 0.0017058633320777348 0 0 0.15931332557345096 0 5007.3372190155842
 129.12052939750436 0 16.879590007376176 0 -0.00072681026944580425 0 0 0.15936588327320678 0 5007.7543847063653
 129.13125566735422 0 16.799225982500861 0 -0.002466954874809379 0 0 0.15922284175625018 0 5008.0978464594991
 129.14775995841387 0 16.67325902319287 0 -0.0044095860945692952 0 0 0.1588219165657519 0 5008.5533769666808
 129.17624011080503 0 16.453517844373373 0 -0.0066114975880628198 0 0 0.15785617093137941 0 5009.2516190046645
 129.21615334827405 0 16.145762152476628 0 -0.0082193184566047364 0 0 0.15617427531740483 0 5010.1755100883602
 129.24797617634928 0 15.904146499808959 0 -0.0085857535565931637 0 0 0.15465564214491281 0 5010.9268710350707
 129.27318833886571 0 15.71793923732548 0 -0.0083560946032264997 0 0 0.1533731360088339 0 5011.5622864594216
 129.29534298667599 0 15.560816496098502 0 -0.0077624755072709228 0 0 0.15220423976900851 0 5012.173278771199
 129.31467284317139 0 15.431653911921135 0 -0.0069101238031182115 0 0 0.15116505955138951 0 5012.7703424317588
 129.33116530576044 0 15.330691152908299 0 -0.0058900031989070996 0 0 0.15027741256047106 0 5013.3539029247486
 129.34490124659399 0 15.257001216594642 0 -0.0047811845707917029 0 0 0.14955263206040045 0 5013.9234355396575
 129.3560419463345 0 15.208632072063438 0 -0.0036511355142941717 0 0 0.14899258922756486 0 5014.4777493467263
 129.36481018013299 0 15.182801871766292 0 -0.0025558874714254696 0 0 0.14859103256433345 0 5015.014825939139
 129.37147130854171 0 15.176071052478806 0 -0.0015406640291850322 0 0 0.14833486059589801 0 5015.5312179403145
 129.37631436511634 0 15.184424711787946 0 -0.00064156988140896191 0 0 0.14820500078993157 0 5016.0205377075863
 129.37962917397516 0 15.203097255173455 0 0.00010984409621323031 0 0 0.14817611882287418 0 5016.4692535878612
 129.38192222554031 0 15.229376174869028 0 0.00075158080380862422 0 0 0.1482222084197303 0 5016.8994363324664
 129.38365664142003 0 15.267638453459188 0 0.0013814483629748914 0 0 0.1483532994999974 0 5017.3929052039093
 129.38488630958801 0 15.333985706012056 0 0.0020794615144889821 0 0 0.14866449661705491 0 5018.1095921511296
 129.38514522524616 0 15.415564159344248 0 0.0025514341940345814 0 0 0.14913108905100883 0 5018.9087131532606
 129.3850375986371 0 15.486860437141326 0 0.0027142357538522789 0 0 0.14959485071842923 0 5019.606267170544
 129.38510997951104 0 15.546654867765428 0 0.0026867924759960407 0 0 0.1500219384373227 0 5020.232240841513
 129.3856046716954 0 15.597086345959783 0 0.002535456369335502 0 0 0.15041308052118027 0 5020.825344719794
 129.3866712806159 0 15.638941060227204 0 0.002295983969098127 0 0 0.15076617177278934 0 5021.4047291673969
 129.38839285950738 0 15.67207226775548 0 0.0019977001452985491 0 0 0.15107378687881659 0 5021.9738068893639
 129.39079743054754 0 15.696679768564925 0 0.0016659066388334347 0 0 0.15133166840194454 0 5022.5343499371147
 129.39386750417447 0 15.713277324856847 0 0.0013221628448818242 0 0 0.15153846540872357 0 5023.0871374004691
 129.39754810167824 0 15.722631769453415 0 0.00098435041614745693 0 0 0.15169531580839229 0 5023.6321388462502
 129.40175287564847 0 15.725699358227013 0 0.00066676660231100094 0 0 0.15180539482380875 0 5024.1684300207517
 129.4063917362063 0 15.723549455998423 0 0.00037892236912590553 0 0 0.15187375226084607 0 5024.6965123300542
 129.41199779201389 0 15.71624753214288 0 9.8881769216817999e-05 0 0 0.15190796994299569 0 5025.2799435502338
 129.41899928831972 0 15.702816087661375 0 -0.00016790386300498709 0 0 0.15190172985501973 0 5025.9577432187789
 129.42896424686822 0 15.679440246103068 0 -0.00042047512536699301 0 0 0.15183448956895901 0 5026.8714822875845
 129.43882282808849 0 15.654524533965743 0 -0.00054980818521035014 0 0 0.15172867357733147 0 5027.7538318484721
 129.44726361003239 0 15.63359066191269 0 -0.0005798580640803975 0 0 0.15162319877046346 0 5028.5143574321528
 129.45464881360169 0 15.616587709600038 0 -0.00055299992311479607 0 0 0.15152866177211263 0 5029.1964653451669
 129.46148308577489 0 15.602622369054233 0 -0.00048945189306944415 0 0 0.15144540469640119 0 5029.8505691444361
 129.46795390978818 0 15.591498896286973 0 -0.00039984621208814894 0 0 0.1513752451557302 0 5030.4975803292737
 129.47416915994074 0 15.583188008998132 0 -0.0002918271152340308 0 0 0.15132019053363044 0 5031.1510720209053
 129.48021734031676 0 15.577715178904441 0 -0.00017172992964545152 0 0 0.15128228239782721 0 5031.8232692488127
 129.48619513247959 0 15.575138121324343 0 -4.5276398595532494e-05 0 0 0.15126372186668596 0 5032.5282866759408
 129.4922367224207 0 15.575560859444321 0 8.2016349367061101e-05 0 0 0.15126721387024494 0 5033.2862541826407
 129.49857705557139 0 15.579205271808405 0 0.00020447699688660038 0 0 0.15129690054755113 0 5034.1329226472608
 129.50578932116531 0 15.586726328061728 0 0.00031578031429570219 0 0 0.15136201709707453 0 5035.1563706835004
 129.51603172566456 0 15.600834865441419 0 0.00040112050704661133 0 0 0.15149717532980361 0 5036.6928878135786
 129.52400019898397 0 15.61187788977975 0 0.00040580750343501015 0 0 0.15161812195560451 0 5037.9237963943251
 129.5304999565347 0 15.619369726187493 0 0.00037836542174277972 0 0 0.15171377527773672 0 5038.9297700248935
 129.5368862836296 0 15.624814497043332 0 0.00033490545196959172 0 0 0.15179835566170621 0 5039.9102265657029
 129.54352039433854 0 15.628379943206916 0 0.00028270141073860367 0 0 0.151873382872173 0 5040.9173106116232
