# Created by Octave 8.3.0, Mon Apr 07 08:05:59 2025 -03 <santi@agc>
# name: x
# type: matrix
# rows: 117
# columns: 10
 129.05899477522365 0 15.613323400506149 0 0 0 0 0.13784640923291955 0 5000
 129.05899473744969 0 15.61332370909979 0 -4.0619489889998873e-11 0 0 0.13784640923266733 0 5000.0365808708457
 129.05899460959782 0 15.613325322136848 0 -4.9121573037739401e-10 0 0 0.13784640922696967 0 5000.0914521545965
 129.05899426505979 0 15.613330288759157 0 -3.1001635134625535e-09 0 0 0.13784640916665131 0 5000.1737589632603
 129.05899343097818 0 15.61334331947365 0 -1.4775759398267342e-08 0 0 0.13784640870784104 0 5000.2972186934358
 129.05899156169042 0 15.613374858238606 0 -6.0478986814018922e-08 0 0 0.13784640578181639 0 5000.4824064810482
 129.05898771826247 0 15.613447001337891 0 -2.2452102910610859e-07 0 0 0.13784638905194796 0 5000.7601817566701
 129.0589809107162 0 15.613602939592155 0 -7.7231951167619566e-07 0 0 0.13784630079663304 0 5001.1768228012124
 129.05897305297808 0 15.613914475311962 0 -2.4608185934110662e-06 0 0 0.13784586881212266 0 5001.8017118061152
 129.05898253944528 0 15.614459346858856 0 -7.1097698482626835e-06 0 0 0.13784393498067621 0 5002.7388091983039
 129.05909154764495 0 15.615208695285562 0 -1.7797562003215032e-05 0 0 0.13783629964566912 0 5004.1436875723193
 129.05953194084364 0 15.615874485541793 0 -3.5177690450927882e-05 0 0 0.1378131233567873 0 5006.1216463901192
 129.06073874372973 0 15.616392247491635 0 -5.4201142832242607e-05 0 0 0.13776175796392112 0 5008.7032329775484
 129.06363231254082 0 15.617362897945622 0 -7.3724055302671352e-05 0 0 0.13766604470508845 0 5012.0647184902873
 129.07028471760844 0 15.619076497552829 0 -9.8511502408171807e-05 0 0 0.13749854620655505 0 5016.4022058852497
 129.08197417941568 0 15.621105056801902 0 -0.00012110920109171418 0 0 0.13726849388013898 0 5021.0075636473484
 129.10998538644631 0 15.62502188025149 0 -0.00014275337069433395 0 0 0.13685328171657699 0 5027.7837213441226
 129.17799282678445 0 15.632971898875043 0 -0.00014777410133507069 0 0 0.13616337683119581 0 5037.6116797320065
 129.29028090530741 0 15.644854557800967 0 -0.00011366078766032706 0 0 0.13546145788513639 0 5048.2290881069939
 129.41230897263188 0 15.657291940624649 0 -5.705271998305053e-05 0 0 0.13505889909714114 0 5057.2657313156978
 129.52632174849714 0 15.668858344189227 0 2.1820191457617858e-06 0 0 0.13494675673076464 0 5065.0147620045664
 129.63625383025371 0 15.680168452070957 0 5.915345569536614e-05 0 0 0.13507121887556228 0 5072.6816480893267
 129.73820920575062 0 15.691011391437559 0 0.00010647363270896104 0 0 0.13541834946372183 0 5080.7536453282282
 129.83021394768105 0 15.701452895862605 0 0.00013580466465602846 0 0 0.1359912708692928 0 5090.1410874276635
 129.91298653969884 0 15.712462884160168 0 0.00012455436610133504 0 0 0.1368814746363452 0 5104.2396797989413
 129.94355300671381 0 15.71835316843468 0 7.4231059793530493e-05 0 0 0.13742863151038393 0 5116.1923199568437
 129.95461662208794 0 15.721880658479558 0 1.777038346706967e-05 0 0 0.13763007626442142 0 5125.9584495999425
 129.96405924813757 0 15.725002271775354 0 -3.7296980324055979e-05 0 0 0.13758990757056819 0 5135.0917422089287
 129.98169620377899 0 15.728733264815046 0 -8.5763967718524141e-05 0 0 0.13733486613554549 0 5144.2654496979803
 130.01832997599891 0 15.734124455937289 0 -0.00012049519580724195 0 0 0.13687088686983295 0 5154.0002849154671
 130.0967584868479 0 15.743452469422417 0 -0.00012876017931334223 0 0 0.13617012378036328 0 5165.6879549127025
 130.23217533680602 0 15.757943936887656 0 -8.9729393977157113e-05 0 0 0.13545315353788609 0 5178.6867101637781
 130.36388218909539 0 15.771558041230408 0 -3.1637374947405096e-05 0 0 0.13513701885776319 0 5188.7570448995657
 130.47699786582115 0 15.783262868243638 0 2.2479904270135157e-05 0 0 0.13511774391972672 0 5196.9948817495742
 130.58412146592872 0 15.794578931326805 0 7.1340186168668566e-05 0 0 0.13531949670877091 0 5205.3009850992839
 130.68324857811368 0 15.805516041336894 0 0.00010782538931131935 0 0 0.13573246410131345 0 5214.4006859919136
 130.77369018678965 0 15.816422824172598 0 0.00012038145420035746 0 0 0.13637443179355829 0 5225.8613820672499
 130.83849786926254 0 15.825919652309722 0 8.7606294194672734e-05 0 0 0.13708002085910495 0 5240.219087681261
 130.86594873533173 0 15.831427550474812 0 3.3422433331947879e-05 0 0 0.1374058106290818 0 5252.0621974883397
 130.88313859054421 0 15.835391188768369 0 -1.7693179071210241e-05 0 0 0.13743981069602224 0 5261.7832666645481
 130.90525176604908 0 15.839641324876585 0 -6.4119953262740094e-05 0 0 0.13726294855675644 0 5271.3500907495045
 130.94292650008174 0 15.845239067221227 0 -9.9444316150142028e-05 0 0 0.13688700642725118 0 5281.3500467709546
 131.01463312133038 0 15.854042489737145 0 -0.00011349487643400684 0 0 0.13630224893269455 0 5292.9119824509953
 131.14046427217781 0 15.86788054249784 0 -8.7393846517245903e-05 0 0 0.13563709507753077 0 5306.2549022352323
 131.2648381131869 0 15.880988641323276 0 -4.0117322691412656e-05 0 0 0.13530120144838362 0 5316.6241851208788
 131.3798437086227 0 15.893053349269213 0 9.4854606472076562e-06 0 0 0.1352314170011378 0 5325.5522826941578
 131.48911375500714 0 15.904701935093858 0 5.5338180125446295e-05 0 0 0.13537784647578177 0 5334.3727798582431
 131.59140997760849 0 15.916024537224892 0 9.0591741501629575e-05 0 0 0.13572667876578298 0 5343.8812751168416
 131.68689086942067 0 15.927419922459681 0 0.00010496026678962651 0 0 0.13628630075357406 0 5355.5774160587898
 131.76178497148766 0 15.937829147211183 0 7.9356493811162795e-05 0 0 0.13692249824643615 0 5370.1649660406283
 131.79876712451909 0 15.944192576630055 0 3.2996451582442129e-05 0 0 0.13723016141176933 0 5382.171927080658
 131.82444846493757 0 15.949025268134511 0 -1.3588720845687217e-05 0 0 0.13727465516273796 0 5392.4228184987023
 131.85428472612014 0 15.954072567300521 0 -5.5903626790254956e-05 0 0 0.13711637923085848 0 5402.472534864607
 131.89968433843501 0 15.960490329207689 0 -8.7547001236179284e-05 0 0 0.13676873237313683 0 5413.0005267023143
 131.98087773640202 0 15.970348179862251 0 -9.8268219421403615e-05 0 0 0.13622410629832415 0 5425.3389812464011
 132.11681184128469 0 15.985374499710053 0 -6.9908535385677302e-05 0 0 0.13562953788467363 0 5439.626602012173
 132.2465880482967 0 15.999224976441001 0 -2.3725767208561635e-05 0 0 0.13536706156696759 0 5450.7599643090225
 132.36143057786799 0 16.011485985411131 0 2.1092507595360242e-05 0 0 0.13536116918892105 0 5460.2124045299097
 132.47031305636185 0 16.02336032097784 0 6.0331875487447467e-05 0 0 0.13555731737258997 0 5469.7840227084153
 132.57288699887189 0 16.03506907086393 0 8.6570048124049226e-05 0 0 0.13594512147677132 0 5480.4817568374256
 132.67524898318024 0 16.047922184072476 0 8.4675156235240753e-05 0 0 0.13655778080979175 0 5495.3375733816647
 132.73978849935975 0 16.057433081793896 0 4.5923587412673848e-05 0 0 0.13700571860987434 0 5510.1158816661118
 132.77883909346667 0 16.063908569537315 0 7.7404428879477552e-08 0 0 0.13713073244382026 0 5522.1391493607816
 132.81471771221374 0 16.069646737615059 0 -4.0009236033027192e-05 0 0 0.13703482186245189 0 5532.7209932283131
 132.86288992180343 0 16.076439540816367 0 -7.1473669919541917e-05 0 0 0.13675658194146759 0 5543.6066989203946
 132.94101529368112 0 16.086113200837641 0 -8.574364230289049e-05 0 0 0.13629849525965371 0 5555.9917702064249
 133.06858745996513 0 16.100527694132268 0 -6.7316851929964661e-05 0 0 0.13576054812101093 0 5570.3997975304646
 133.19978581051751 0 16.11476996264399 0 -2.7530584188283017e-05 0 0 0.1354771221192142 0 5582.4275634827191
 133.3177586606852 0 16.127525755575345 0 1.3575957198737046e-05 0 0 0.13544193062065749 0 5592.6352280048259
 133.42956050504122 0 16.139832728399398 0 4.999828887219158e-05 0 0 0.13560312646451134 0 5602.8086100815881
 133.53609247418132 0 16.152051042473271 0 7.4591052842222085e-05 0 0 0.13594725092862037 0 5614.0851791979749
