# Created by Octave 8.3.0, Mon Apr 07 08:07:13 2025 -03 <santi@agc>
# name: x
# type: matrix
# rows: 159
# columns: 10
 129.07070392018093 0 15.516229875488014 0 0 0 0 0.17200070950332938 0 5000
 129.07070388031994 0 15.516230319736453 0 -4.3472482398305047e-11 0 0 0.172000709503141 0 5000.0762067725282
 129.07070371811352 0 15.516232647487238 0 -5.1061423840019095e-10 0 0 0.17200070949900803 0 5000.1905169088686
 129.07070325159572 0 15.516239837675665 0 -3.1861564449551725e-09 0 0 0.17200070945584797 0 5000.3619819963969
 129.07070207498089 0 15.516258802242975 0 -1.5151259424443433e-08 0 0 0.17200070912891807 0 5000.6191791430274
 129.07069932758623 0 15.516305128809066 0 -6.2290185952299853e-08 0 0 0.17200070703852227 0 5001.0049730393612
 129.0706933230251 0 15.516412886241337 0 -2.3399942853896494e-07 0 0 0.1720006949718324 0 5001.583657376189
 129.07068127733709 0 15.516653186649787 0 -8.2337911709958585e-07 0 0 0.17200063008803809 0 5002.4516614555932
 129.07066077934485 0 15.517162615510196 0 -2.7319144170381954e-06 0 0 0.17200030138421987 0 5003.7535923455016
 129.07064042790407 0 15.518161080560473 0 -8.4708318395797825e-06 0 0 0.17199873902297694 0 5005.7062418932755
 129.07068649416118 0 15.51986462726016 0 -2.3883757798752929e-05 0 0 0.17199191587697635 0 5008.6344185356038
 129.07108046353846 0 15.522121322020517 0 -5.8244048216369231e-05 0 0 0.1719656391973523 0 5013.0240943784365
 129.07195480078897 0 15.523541269013263 0 -9.5126497922035075e-05 0 0 0.17191867289523177 0 5017.1801699697462
 129.07377208939187 0 15.52459098700225 0 -0.00013496390539818231 0 0 0.17183421022407955 0 5022.1439622849139
 129.07830120739354 0 15.526233794090119 0 -0.00018258737366398496 0 0 0.1716593730040061 0 5029.5704831815438
 129.08443487021157 0 15.528367855387005 0 -0.00022022428959272072 0 0 0.17146324152149076 0 5036.1326896247119
 129.09826232872032 0 15.532158705374853 0 -0.00027784451319716436 0 0 0.17109937584016113 0 5045.9214285258649
 129.11743245314807 0 15.535934158304372 0 -0.00032814934662743012 0 0 0.17067863284532919 0 5055.1421285048555
 129.15901611471682 0 15.542567184270164 0 -0.00038759527672986842 0 0 0.16993255382885319 0 5068.8161552602551
 129.25408892744534 0 15.555241506502027 0 -0.00044368612624779395 0 0 0.16862990626618346 0 5088.9185793702563
 129.3947068977478 0 15.571576046775002 0 -0.00045453091448741258 0 0 0.16719208544634998 0 5108.8933517976393
 129.66407286740125 0 15.600397672953871 0 -0.00039076489808565238 0 0 0.16528498952841164 0 5136.0020938747948
 129.94054733409891 0 15.62871252640061 0 -0.00027801536386429444 0 0 0.16403929825340102 0 5157.7473887684355
 130.1960596421174 0 15.654505383477659 0 -0.00015465231154163905 0 0 0.16336866518868903 0 5175.5464090812566
 130.45237085933653 0 15.680348000019103 0 -2.2773776405776984e-05 0 0 0.16310357096361688 0 5192.5884960972626
 130.70123234467525 0 15.705643364513984 0 0.00010653194316163659 0 0 0.16322646273755492 0 5209.2747018984473
 130.94278157847688 0 15.730618882130852 0 0.00022715721866865585 0 0 0.16372566781846323 0 5226.4901547405207
 131.17152587461354 0 15.754961996180937 0 0.00032948016750217348 0 0 0.16459793774154297 0 5244.8481307867551
 131.38540133570478 0 15.778835999698646 0 0.00040259070442721109 0 0 0.16586658209894481 0 5265.6649767810331
 131.58643106367214 0 15.803390315902524 0 0.00042399024044440143 0 0 0.16766256622509321 0 5292.6133994645934
 131.7250908674248 0 15.823799464472611 0 0.00035514010500338521 0 0 0.16955381397166727 0 5323.8842378103818
 131.78283956178473 0 15.835684163025494 0 0.00024031336014379188 0 0 0.17070568374722717 0 5349.6796922191261
 131.80727964246682 0 15.843302300198275 0 0.00012224174016941402 0 0 0.1712653957122002 0 5370.6550420847852
 131.82329452964578 0 15.849746353234671 0 1.8534740227017169e-06 0 0 0.17144405134294941 0 5390.3698957366259
 131.84224174411372 0 15.856237598127043 0 -0.00011621821341621202 0 0 0.17128154992047864 0 5409.7791560778169
 131.87379126944415 0 15.863708324047515 0 -0.00022548839955724878 0 0 0.17079011958104934 0 5429.3058076733032
 131.92887253027706 0 15.873216973504739 0 -0.0003189551531536021 0 0 0.16997121504331314 0 5449.4601195261694
 132.02327386404923 0 15.886311500445425 0 -0.00038732022409069627 0 0 0.1688087532318869 0 5471.072047446708
 132.19144588658074 0 15.906462477602542 0 -0.0004136391612841773 0 0 0.16721974438849865 0 5496.3685286048176
 132.47220277270705 0 15.937140276484053 0 -0.00036209805734978566 0 0 0.16536801952629498 0 5525.6901932721839
 132.75895038885864 0 15.967108899646014 0 -0.00025997570313154373 0 0 0.1641473958824676 0 5549.1382387356789
 133.03018333914036 0 15.995017813214726 0 -0.00014272853586728892 0 0 0.16347511739962153 0 5568.7650341234639
 133.29608191558475 0 16.02233344349218 0 -1.9346912493078332e-05 0 0 0.16322048318754304 0 5587.1206075100272
 133.5565517368251 0 16.049300204102636 0 0.00010249771114498069 0 0 0.16334998915340435 0 5605.2608039943216
 133.80848399679135 0 16.07583075297239 0 0.00021469357925214881 0 0 0.1638521747078614 0 5623.9218701519076
 134.04897107634744 0 16.101897959678848 0 0.00030835456971761287 0 0 0.16472742304116142 0 5643.9993027265382
 134.27654132584522 0 16.127786385601013 0 0.00037129205786319526 0 0 0.1660035892046505 0 5667.0953735599251
 134.50286944147999 0 16.156094114135502 0 0.00037448998827759944 0 0 0.16789111652150668 0 5699.2145409435625
 134.6182742871884 0 16.173040098319664 0 0.00031391706303310509 0 0 0.16923356525344938 0 5724.9520839043098
 134.68817013413303 0 16.185620712855435 0 0.00021648389940054989 0 0 0.17019501477582769 0 5749.4688684549619
 134.7303057946971 0 16.194980759312827 0 0.00010807916994284806 0 0 0.17071201171456279 0 5771.3567595714921
 134.76394601843535 0 16.203242335937144 0 -4.4879598538328765e-06 0 0 0.17086883593173094 0 5792.316299110963
 134.80070869559802 0 16.211562326985476 0 -0.00011423894055207833 0 0 0.17069158335669965 0 5812.9281739049829
 134.85123027032643 0 16.221000705872388 0 -0.00021498901652038661 0 0 0.17019220493979031 0 5833.7390536071671
 134.92756925623934 0 16.232740425479584 0 -0.00029941858466990247 0 0 0.16937267046445137 0 5855.3085804513275
 135.04806080108654 0 16.248621174017103 0 -0.00035784630577317169 0 0 0.16821522057760674 0 5878.6691724133889
 135.25717838406467 0 16.273219561170734 0 -0.0003708665847681797 0 0 0.1666204752764984 0 5906.8396372681236
 135.59245699186209 0 16.309831556519921 0 -0.00030033946887809938 0 0 0.16485245026901116 0 5939.5160584286705
 135.91329419200463 0 16.343689137724731 0 -0.00018869508732608989 0 0 0.1638264157426266 0 5964.9414297419517
 136.19602762285848 0 16.373250233742215 0 -7.4755716274067265e-05 0 0 0.16337559656246584 0 5985.4548360251338
 136.47313461465478 0 16.402306334906733 0 4.1430944774893317e-05 0 0 0.16332094287525564 0 6005.1974873409918
 136.74290973014089 0 16.430935283932097 0 0.00015169259479338052 0 0 0.16364145763751856 0 6025.1080911425133
 137.00346742408624 0 16.45920777424762 0 0.00024772429828103908 0 0 0.1643318908488742 0 6046.1450032612447
 137.25334960032774 0 16.487347436185029 0 0.00031878450916293064 0 0 0.16540534003110119 0 6069.6998380245459
 137.50070583583687 0 16.517116270889748 0 0.00034530397455646719 0 0 0.1669695335322782 0 6099.804424296869
 137.67028174319978 0 16.539897350455611 0 0.00030492830316983352 0 0 0.16841838608981302 0 6129.2871025191862
 137.77813200592701 0 16.556660297752209 0 0.00021946509814637209 0 0 0.16948094751645026 0 6156.8592100908209
 137.8457033613054 0 16.568771849892428 0 0.00012048767970866706 0 0 0.17006437745229072 0 6180.6504694098039
 137.899920623518 0 16.579246803037837 0 1.6082940915291156e-05 0 0 0.17028370247223304 0 6203.1143580010739
 137.95464767550317 0 16.589523186260909 0 -8.6936820004184233e-05 0 0 0.17017216452412351 0 6225.0972276512312
 138.02149103138365 0 16.600774286271779 0 -0.00018225333053673525 0 0 0.16974430909518193 0 6247.2009086617754
