# Created by Octave 8.3.0, Mon Apr 07 04:55:55 2025 -03 <santi@agc>
# name: x
# type: matrix
# rows: 162
# columns: 10
 129.31657647485375 0 13.31251474452897 0 0 0 0 0.13749037224226812 0 5000
 129.31638711397852 0 13.318252902146865 0 0.0001712267086064248 0 0 0.13749076980490563 0 5000.0210454501976
 129.31608740506817 0 13.327025084115466 0 0.00042636062406024871 0 0 0.13749285073422152 0 5000.0525644709605
 129.31560290704951 0 13.340549274202703 0 0.00080519497141121098 0 0 0.13749928374341125 0 5000.0997328692711
 129.31479863226954 0 13.361641265471414 0 0.0013646566759693366 0 0 0.13751628663148457 0 5000.1702392851321
 129.31342143162473 0 13.395032581420882 0 0.0021837847136594933 0 0 0.13755800182405453 0 5000.2754506972087
 129.31098377761944 0 13.448863489901328 0 0.0033664455112515416 0 0 0.13765590094398647 0 5000.4320547269735
 129.30653310686799 0 13.537355688724197 0 0.0050342936452557408 0 0 0.1378782697651989 0 5000.6643056532994
 129.29821646300005 0 13.685248241405965 0 0.00729061396653846 0 0 0.13836800413088848 0 5001.0069841424538
 129.2825582960659 0 13.933664588418205 0 0.010110309290447201 0 0 0.13940648262490582 0 5001.509221070738
 129.2536845282477 0 14.342033432374926 0 0.013072099636318172 0 0 0.14148625986074051 0 5002.2399738007689
 129.21978305390311 0 14.776487392821309 0 0.014615477836875309 0 0 0.14405730525714192 0 5002.9750043901076
 129.18969533428788 0 15.135900445560965 0 0.014829489424456508 0 0 0.14642154137852109 0 5003.5995151133775
 129.16293341798422 0 15.440291432221647 0 0.014235223812352558 0 0 0.14859715185053898 0 5004.1766181838175
 129.13958933321308 0 15.696434888040317 0 0.013071982702760261 0 0 0.15057621012361957 0 5004.7340895026537
 129.1201890453865 0 15.904062209864584 0 0.011512213345423303 0 0 0.15231839655605189 0 5005.2807630555881
 129.10510293231786 0 16.063437316093665 0 0.0097062404617062146 0 0 0.15379188112224296 0 5005.8201606772882
 129.09441983057926 0 16.176740116504803 0 0.0077839023480540011 0 0 0.15498226301989293 0 5006.3540061085114
 129.08797461792508 0 16.247776227604849 0 0.005854927340974727 0 0 0.15589054878190131 0 5006.8824953335288
 129.08538856017086 0 16.281639447324668 0 0.0040093574402856559 0 0 0.15653079490959271 0 5007.404171052166
 129.08610821098247 0 16.284433249318738 0 0.0023188666422286012 0 0 0.15692794087504899 0 5007.9153051144767
 129.08942405119259 0 16.263176766614169 0 0.00084006453208858387 0 0 0.15711643195250516 0 5008.4081490000672
 129.0944189129365 0 16.226265773915571 0 -0.00037633702982675589 0 0 0.15714124892072273 0 5008.8655373162965
 129.09991901240093 0 16.183926077567705 0 -0.0012924044080112657 0 0 0.15706247683914173 0 5009.258989862059
 129.10817390787844 0 16.119269039362671 0 -0.0022782511377189328 0 0 0.15684977988009358 0 5009.7602967907824
 129.12247627025678 0 16.0065885718654 0 -0.0033859775234225294 0 0 0.15634264140696105 0 5010.5198754288313
 129.14176288442539 0 15.856098690547331 0 -0.0041549121993466331 0 0 0.15550660010449469 0 5011.4700025698403
 129.1572570120411 0 15.738191142051555 0 -0.0043320233271163435 0 0 0.15475660973048322 0 5012.2357141223747
 129.16995372327503 0 15.64495136056591 0 -0.0042187850221801597 0 0 0.15410700107084982 0 5012.8972256819006
 129.18118899418479 0 15.56630538665463 0 -0.0039225219241199229 0 0 0.15351426836591747 0 5013.5323672010418
 129.19105216114352 0 15.501716753317405 0 -0.003496205806321347 0 0 0.15298662781046116 0 5014.1529923516873
 129.19951635279585 0 15.451303733836543 0 -0.0029855476870126671 0 0 0.15253505428048025 0 5014.760380095574
 129.20660640922904 0 15.414601094411681 0 -0.0024302432761327251 0 0 0.15216527186673681 0 5015.3546158731124
 129.2123928835727 0 15.390632056327355 0 -0.0018641263345168507 0 0 0.15187827278356153 0 5015.9349354721826
 129.21698207814615 0 15.378007521182543 0 -0.0013152449428695263 0 0 0.15167100099062528 0 5016.4996114595824
 129.22050533790306 0 15.375014929002873 0 -0.00080614725586371195 0 0 0.15153701313253845 0 5017.0454057198458
 129.22310784502562 0 15.37966516474534 0 -0.00035464370753191459 0 0 0.15146696607089211 0 5017.5661434369495
 129.2250511432816 0 15.390545373477281 0 5.0593936655833822e-05 0 0 0.15144884871657344 0 5018.0846021909556
 129.22658619184716 0 15.408829479737333 0 0.00044318341580759234 0 0 0.15148291660851934 0 5018.6671986158008
 129.22773842300339 0 15.43747545819244 0 0.00082179754182827624 0 0 0.1515890940443006 0 5019.3770124419116
 129.22856275861511 0 15.487288793903444 0 0.0011760105592222275 0 0 0.1518413841692336 0 5020.437862505838
 129.22892763302113 0 15.528176848954114 0 0.0012851521252470735 0 0 0.15208859369023142 0 5021.2841137509031
 129.22931554011262 0 15.558820970946456 0 0.0012755168080209635 0 0 0.15229386385065138 0 5021.9601888472234
 129.22989790027725 0 15.584091576899398 0 0.001203762661969918 0 0 0.15247694185998534 0 5022.5831009500935
 129.23076354850255 0 15.605217797247548 0 0.0010881408032265779 0 0 0.15264189510796944 0 5023.1904503442411
 129.23195195783606 0 15.622111779991551 0 0.00094297112028158593 0 0 0.15278494639751816 0 5023.7852017684754
 129.23347450773144 0 15.634857972869737 0 0.00078068724926507111 0 0 0.15290389799075566 0 5024.3685453768931
 129.23535886477973 0 15.643839706461616 0 0.00060859307992119113 0 0 0.15299964653388418 0 5024.9518320726056
 129.23769951129492 0 15.649399851059867 0 0.0004281510656538266 0 0 0.15307403543650933 0 5025.560069357125
 129.24057334939448 0 15.651448164049672 0 0.00024483847139676135 0 0 0.15312515217517417 0 5026.205531943292
 129.24410077407794 0 15.649819648823083 0 6.4146000213334672e-05 0 0 0.15315052249058558 0 5026.9076524960237
 129.24851485172798 0 15.644140623768243 0 -0.00010822485135654508 0 0 0.15314608568547947 0 5027.704016944961
 129.25447652178306 0 15.633193983751887 0 -0.00026648519326268174 0 0 0.15310159362816586 0 5028.7001929342041
 129.26198263386763 0 15.617504584204585 0 -0.00036981057246051805 0 0 0.1530111855536069 0 5029.8971358515073
 129.2684873924469 0 15.604234087395234 0 -0.00038982508816069408 0 0 0.15291906151019138 0 5030.9256645512287
 129.27400408454741 0 15.594295673912999 0 -0.00036594439075546509 0 0 0.15284013093752452 0 5031.8140968570196
 129.27912842945804 0 15.586776817798752 0 -0.00031719073272069826 0 0 0.15277181278157273 0 5032.6657793347913
 129.28405789231726 0 15.581526917076792 0 -0.00025260218503248618 0 0 0.15271482019495072 0 5033.5181473276307
 129.28892123074053 0 15.578540058557332 0 -0.00017881702462279843 0 0 0.15267034694893353 0 5034.3972489881726
 129.2938603180703 0 15.577859576981206 0 -0.00010162807889960806 0 0 0.15263965474639979 0 5035.3322059731136
 129.2991010573422 0 15.579595371980258 0 -2.672488731862298e-05 0 0 0.15262419788565224 0 5036.3692999298473
 129.30516953709949 0 15.584095764347728 0 3.942128303935545e-05 0 0 0.15262643112673574 0 5037.6166426700001
 129.31406655101122 0 15.592879663381547 0 8.2763613707951178e-05 0 0 0.1526545032420307 0 5039.4861181001743
 129.32122696304543 0 15.599534091005694 0 7.520085148164684e-05 0 0 0.15268272438517205 0 5040.9807438179841
 129.32753403276914 0 15.603917664660926 0 4.8880157338220312e-05 0 0 0.15270163654014227 0 5042.2655253757694
 129.33402277616989 0 15.606742335641689 0 1.4286321645389846e-05 0 0 0.15271122145770105 0 5043.5498064644535
 129.34119649628198 0 15.608153156225184 0 -2.2652982315733997e-05 0 0 0.15270979564494977 0 5044.928958539349
 129.34982710719933 0 15.608242070977463 0 -5.6516886423047742e-05 0 0 0.15269451396678613 0 5046.5446013802575
 129.3630602489246 0 15.607085921804876 0 -7.9909730776292815e-05 0 0 0.15265480211728333 0 5048.9672923542039
 129.37528761765816 0 15.606398919304667 0 -7.7113869529512824e-05 0 0 0.15261351442991905 0 5051.1798763336074
 129.38592471019876 0 15.60684597649251 0 -6.5831259128325731e-05 0 0 0.15258113673248927 0 5053.0985519758206
