# Created by Octave 8.3.0, Wed Apr 09 22:24:52 2025 -03 <santi@agc>
# name: x
# type: matrix
# rows: 187
# columns: 10
 98.785166580580579 0 15.539976307798655 0 0 0 0 0.068765657132145178 0 1000
 98.785410997197559 0 15.535288799551072 0 -0.00015500236531507534 0 0 0.068765297221208971 0 999.95955669909881
 98.785792931347459 0 15.528148550321218 0 -0.00038578628203003013 0 0 0.068763414015014984 0 999.89893220193267
 98.786399762738355 0 15.517196858296726 0 -0.00072807792476695153 0 0 0.068757595559965537 0 999.80808607058145
 98.787384612934659 0 15.500239496344827 0 -0.0012327278567893535 0 0 0.068742230084511941 0 999.67201934639149
 98.789023879478705 0 15.473655544561685 0 -0.0019697829097759904 0 0 0.06870457951798821 0 999.46836989868643
 98.791827523522386 0 15.431345048531698 0 -0.0030301169324989524 0 0 0.068616381093784068 0 999.16389222802354
 98.796742582513957 0 15.362896165388692 0 -0.0045177066146995489 0 0 0.068416570574552402 0 998.70935517084865
 98.805492920980384 0 15.25064526475591 0 -0.006515489568924249 0 0 0.067978115802842312 0 998.03222452814691
 98.821010871922994 0 15.066015275316346 0 -0.0089874484176723848 0 0 0.067052819802684266 0 997.02620309220208
 98.84749668300681 0 14.768983974284412 0 -0.011552280078051293 0 0 0.065210121523725781 0 995.53583807035261
 98.872978453544391 0 14.492205682287388 0 -0.012788174805102456 0 0 0.063203684046603245 0 994.17949354877226
 98.895977886291448 0 14.245030403416553 0 -0.013086747761781677 0 0 0.061209917736775102 0 992.92009530085761
 98.916221349151442 0 14.027536525242079 0 -0.012715319926200879 0 0 0.05929646386218923 0 991.7129986091187
 98.93358342758404 0 13.839810053997011 0 -0.011844923079246245 0 0 0.057506889414046976 0 990.52923728785913
 98.947798545731871 0 13.679211229180369 0 -0.010568916335303262 0 0 0.055833068473043763 0 989.3159984539875
 98.957873287700323 0 13.556976202492029 0 -0.0090948613654604459 0 0 0.054421981573622165 0 988.14796343445551
 98.964495924048634 0 13.466504597957165 0 -0.0074928805387176533 0 0 0.053237852009246987 0 986.9823722319893
 98.967921555702901 0 13.405856915839918 0 -0.0058541895255295314 0 0 0.052289273547601968 0 985.81708656051978
 98.968470288630982 0 13.372259862945681 0 -0.0042562731754545871 0 0 0.051574330693654941 0 984.65192172597062
 98.966515863303087 0 13.362244187355046 0 -0.0027612454058873357 0 0 0.051081273770302638 0 983.48775340289035
 98.96247058880769 0 13.371875657721045 0 -0.0014163001639167048 0 0 0.050790532960223955 0 982.32711283401511
 98.956784439123197 0 13.396896856245567 0 -0.0002555175180522294 0 0 0.050676372495320782 0 981.17632952006204
 98.950005271107187 0 13.432493794981392 0 0.00069386958931286615 0 0 0.050706703209354949 0 980.05566381613994
 98.939943947181547 0 13.489717846145613 0 0.0016512868174353636 0 0 0.050911389774742064 0 978.60221716510534
 98.92746360590516 0 13.562996659312519 0 0.0023781270949265747 0 0 0.051310065020341904 0 976.94233149243905
 98.917003188961743 0 13.624173970377802 0 0.0027059238054182371 0 0 0.051719028128271005 0 975.58281803299383
 98.907337965309182 0 13.679296486428644 0 0.0028223219885980745 0 0 0.052136207105608054 0 974.30336528297642
 98.898379274982219 0 13.728329946977798 0 0.0027850159452209476 0 0 0.052545540570733469 0 973.06326653314795
 98.890139483611037 0 13.770878679721434 0 0.0026317219066068838 0 0 0.052933513437031808 0 971.8450731553429
 98.882598426810659 0 13.806832409073825 0 0.0023907623251479136 0 0 0.053291521989200723 0 970.63196528731658
 98.875813110508119 0 13.835814912598009 0 0.0020885276751383183 0 0 0.053609351083249518 0 969.42412799718306
 98.869799685735899 0 13.857813927441278 0 0.0017492041208853166 0 0 0.05388037065821067 0 968.22208115749788
 98.864539329390468 0 13.873120486615125 0 0.0013942047232652552 0 0 0.054101190238856386 0 967.02665524555096
 98.8599853577484 0 13.882265674255182 0 0.0010418013799460648 0 0 0.054271237867930297 0 965.83912812217727
 98.856070986022019 0 13.885960512035345 0 0.00070696304583226215 0 0 0.054392308446688825 0 964.66157758568318
 98.85271781940196 0 13.885044664978585 0 0.00040141206935923247 0 0 0.054468124148431413 0 963.49773923477096
 98.849518641907849 0 13.879688107654035 0 0.00010377350457524697 0 0 0.054506028938368756 0 962.21549772811716
 98.846244047179113 0 13.868831010011402 0 -0.00018693109407409784 0 0 0.054498012435540942 0 960.69512725061338
 98.842040111941159 0 13.847254857713468 0 -0.00048455249312091511 0 0 0.054406805571828136 0 958.44335268168481
 98.838639730245234 0 13.826292088341557 0 -0.00061862495808873966 0 0 0.054277424739856313 0 956.47862550525019
 98.835886919899664 0 13.809988657546317 0 -0.00065152850515804188 0 0 0.054158791742857412 0 954.90797155824271
 98.833231630009948 0 13.796379545616139 0 -0.00063409803154316211 0 0 0.054049021204888657 0 953.47079966998433
 98.830446464663709 0 13.784800476838569 0 -0.00058276976420501699 0 0 0.053947421876977743 0 952.06487149916654
 98.827428939800541 0 13.775198324060691 0 -0.00050664374183879675 0 0 0.053856176128457368 0 950.6539555885098
 98.82409320446682 0 13.767584414501634 0 -0.00041259739595875987 0 0 0.053777421515080068 0 949.21005073763934
 98.820347732870175 0 13.761987191713642 0 -0.00030644337060294795 0 0 0.053713219395919339 0 947.70410454145224
 98.81607352834834 0 13.758444270547104 0 -0.00019345002158002104 0 0 0.053665696358869593 0 946.09848087475041
 98.811081858084194 0 13.75701450481464 0 -7.8631510833361993e-05 0 0 0.053637372030483653 0 944.33343609353267
 98.804987480230437 0 13.757835946927507 0 3.3120171395110799e-05 0 0 0.0536321355951343 0 942.28734837039417
 98.796510367157595 0 13.761477878216304 0 0.000137771712773999 0 0 0.053660486775793541 0 939.55855370577126
 98.786869076089175 0 13.766715761671087 0 0.00019467785519271561 0 0 0.053720981698159719 0 936.53078192998669
 98.778865989531809 0 13.770584944656251 0 0.00020277590636281603 0 0 0.053780228070501111 0 934.02942411811887
 98.771465084902104 0 13.773112274090446 0 0.00018877402123927478 0 0 0.053834373346862752 0 931.70290179221695
 98.764034457173963 0 13.774370407186012 0 0.00016310130370574908 0 0 0.053883600505050928 0 929.34593882128763
 98.756167683720037 0 13.774303288216711 0 0.00013227421523156002 0 0 0.053927659955736083 0 926.82916469906911
 98.747270272513788 0 13.772791816214315 0 0.00010211128654392219 0 0 0.053967294538821271 0 923.96878733358494
 98.735719336812068 0 13.769450084926621 0 7.9661834838791001e-05 0 0 0.054006825650364278 0 920.26803354629931
 98.721626607914516 0 13.764849337046648 0 7.9193634227798479e-05 0 0 0.054048129428609884 0 915.83097521629497
 98.70868317128091 0 13.761182352559041 0 9.607895327377426e-05 0 0 0.054089223535163329 0 911.8686841065105
 98.695617825092825 0 13.758365605789127 0 0.00011860671953903093 0 0 0.054138775353017116 0 907.9893295014017
 98.680159529896173 0 13.755931755251257 0 0.00014214895892339732 0 0 0.054207957989013178 0 903.54473959983022
 98.656152435297486 0 13.752917166864624 0 0.00016393536459133556 0 0 0.05432968137331258 0 896.90852343603228
 98.629917382436972 0 13.749498592692067 0 0.00017307118332048351 0 0 0.054469644516530323 0 889.97233829546303
 98.603507860620681 0 13.745611295364411 0 0.00017804204828418188 0 0 0.054610080863057936 0 883.29059791280531
 98.561720459997602 0 13.739305281012776 0 0.00018773160890787614 0 0 0.054829460134079827 0 873.29326192231554
 98.514911362702961 0 13.732680944597684 0 0.0001965522207243636 0 0 0.055071732610291468 0 862.83762916503156
 98.44129416819014 0 13.722823672501557 0 0.00019717408144998889 0 0 0.055433770889290114 0 847.67927693625165
 98.352226267461191 0 13.711185453633487 0 0.00018400577204782676 0 0 0.05582284413153317 0 830.93216659110567
 98.206024407806325 0 13.69273485644298 0 0.0001429666725039564 0 0 0.0563254227718347 0 805.97338965671179
 98.052086295713863 0 13.67377354715982 0 8.2244609317486475e-05 0 0 0.056663911560171573 0 781.70178983754988
