# Created by Octave 8.3.0, Sun Apr 06 22:09:41 2025 -03 <santi@agc>
# name: x
# type: matrix
# rows: 271
# columns: 10
 129.69402672736678 0 8.9140019767257943 0 0 0 0 0.051169799938524357 0 5000
 129.69402456345404 0 8.9310822664489979 0 0.00051223217555308709 0 0 0.051170989228086113 0 4999.9894298660975
 129.69399086188216 0 8.9572020209740266 0 0.0012758217438318586 0 0 0.051177215496510629 0 4999.9734278077749
 129.69387182584202 0 8.9974904922337249 0 0.0024104289458486356 0 0 0.051196470130625379 0 4999.9490956037262
 129.6935393087148 0 9.0603686589701695 0 0.0040878627505400366 0 0 0.051247389026941106 0 4999.9118613544624
 129.6926787843534 0 9.1599931483829096 0 0.0065462015780374683 0 0 0.051372406682416993 0 4999.8543703891983
 129.69053652251745 0 9.3207121106168032 0 0.010096348636905787 0 0 0.051665959248114776 0 4999.7645053838069
 129.68540535233012 0 9.5851505755965647 0 0.015104721791826932 0 0 0.052333031305999422 0 4999.6217648061001
 129.67340768859307 0 10.027560283164206 0 0.021884046580004722 0 0 0.053802779841544905 0 4999.3906051438444
 129.64594182775343 0 10.771567071689724 0 0.030364083849200505 0 0 0.056920886928624695 0 4999.0086083991537
 129.59437960110105 0 11.83081812707759 0 0.038361232338296705 0 0 0.062263884370658752 0 4998.4566104060295
 129.52489810714684 0 12.971702114254153 0 0.043174621925083645 0 0 0.068863865869661853 0 4997.8290357495425
 129.44328820600867 0 14.099781986861576 0 0.044714646958713911 0 0 0.076108848065931961 0 4997.1507336158702
 129.36435343449182 0 15.058878839249068 0 0.043527216150967898 0 0 0.082828596277337838 0 4996.5027332273366
 129.29123528008745 0 15.867551192518153 0 0.040462832268005677 0 0 0.088958904600444116 0 4995.8740158756427
 129.22695691924542 0 16.53088722084853 0 0.03606918467052983 0 0 0.094411952945266664 0 4995.2622082036451
 129.17433634215664 0 17.048331377338258 0 0.030816137184681302 0 0 0.099078957169935783 0 4994.6720721375341
 129.1349725228105 0 17.425075374675259 0 0.025110310248620055 0 0 0.10290378075407307 0 4994.1076517304173
 129.10927325619389 0 17.671355034977346 0 0.019297624795760991 0 0 0.10587776714874725 0 4993.5721190735831
 129.09660038733293 0 17.801465075988759 0 0.013664437875924081 0 0 0.10803289303401654 0 4993.0679854000864
 129.09546538636633 0 17.832868142117348 0 0.0084404139587747444 0 0 0.10943507865973778 0 4992.5976264608998
 129.10370397230059 0 17.785702824321362 0 0.0038058564102972986 0 0 0.11017908683074393 0 4992.1644092481783
 129.11850223498598 0 17.683440281135585 0 -8.9222117678136679e-05 0 0 0.11038833085834898 0 4991.7755556058928
 129.13580502348205 0 17.55805758499239 0 -0.0030545168929733846 0 0 0.11023280134853068 0 4991.4525582166407
 129.15802715759858 0 17.393417657022535 0 -0.0057958437889272839 0 0 0.10976725845172568 0 4991.1182154502076
 129.19644903615307 0 17.104241824322571 0 -0.0090371832771807097 0 0 0.10859496280900943 0 4990.635998776268
 129.24688432281775 0 16.720749978349776 0 -0.01155108177092137 0 0 0.106642355877669 0 4990.0830189941862
 129.29453697735079 0 16.358223291971569 0 -0.012621586033392055 0 0 0.10451004969231338 0 4989.5869402621856
 129.3349672431462 0 16.05395933761919 0 -0.012661769994213493 0 0 0.10253613912451326 0 4989.1578811691443
 129.37005130601545 0 15.795923876926837 0 -0.012045964557094996 0 0 0.10072577544183137 0 4988.7603051997394
 129.40073386862883 0 15.578764144245797 0 -0.010960672637558977 0 0 0.099086013323141597 0 4988.3755083335436
 129.42701362994057 0 15.403611893264742 0 -0.0095521691761803595 0 0 0.097656823190850922 0 4987.9989237662185
 129.44899085817778 0 15.270049960722373 0 -0.0079482959050432168 0 0 0.096463539910935078 0 4987.6281954260348
 129.46688684312406 0 15.175976742730274 0 -0.0062595812139734312 0 0 0.095516299910483216 0 4987.2623138406552
 129.48101723184783 0 15.117875247394455 0 -0.0045794596945668677 0 0 0.094811886777927373 0 4986.9015275121938
 129.49176614399735 0 15.091091729094694 0 -0.002984818773341196 0 0 0.094335666392349887 0 4986.5475495050732
 129.4995632580347 0 15.090034336302486 0 -0.0015377212711575325 0 0 0.094063167101175321 0 4986.2042374353823
 129.50486225629359 0 15.108140484604187 0 -0.00028994309205469132 0 0 0.093960534739388646 0 4985.8794685937773
 129.50811088282217 0 15.13709281750617 0 0.00070252343698404295 0 0 0.09398145952462178 0 4985.5912572481629
 129.51015854251074 0 15.174651079405121 0 0.001555250464786996 0 0 0.094089933078345914 0 4985.3110094441618
 129.51150795354803 0 15.236317579791043 0 0.0025206061251075332 0 0 0.09435117332703942 0 4984.9339814754758
 129.51132991968259 0 15.345205494080385 0 0.0035860546154486373 0 0 0.094939573497010904 0 4984.3627396729607
 129.50914028789811 0 15.484668822941988 0 0.0042695408528212967 0 0 0.095838339867973577 0 4983.6783784042727
 129.50696324018293 0 15.593043108413474 0 0.0044044941058316057 0 0 0.096629651006569506 0 4983.1285105736679
 129.50545378014937 0 15.677985398249135 0 0.0042738111359141503 0 0 0.097311518906583863 0 4982.6542908062938
 129.50471760205369 0 15.748905849885926 0 0.0039758269993615831 0 0 0.097934918397818371 0 4982.1991139911843
 129.50492562413407 0 15.806203761304435 0 0.0035612295756688663 0 0 0.098492727588417803 0 4981.7551106513401
 129.50617463890981 0 15.849907441986584 0 0.0030732083985429452 0 0 0.09897590811018199 0 4981.3206084712037
 129.50848592052949 0 15.880547143212791 0 0.0025486930761966053 0 0 0.099380036944621872 0 4980.8946061449687
 129.51182023545007 0 15.899080614502056 0 0.0020186374559411063 0 0 0.099704822115574257 0 4980.4763278013006
 129.51609329367869 0 15.906784205707181 0 0.0015081146489416314 0 0 0.099953396868120339 0 4980.0649905029495
 129.52119209615739 0 15.905135441353037 0 0.0010364459983115549 0 0 0.10013155409738857 0 4979.6595798985963
 129.52699433910567 0 15.895687675862131 0 0.00061739267293057663 0 0 0.10024696001877238 0 4979.2584445886987
 129.5334007392498 0 15.879905742220343 0 0.00025923949841290934 0 0 0.10030831236052576 0 4978.8581256721736
 129.54169715480202 0 15.85471606624696 0 -7.9849291692534602e-05 0 0 0.10032285716311633 0 4978.3768558536322
 129.55202449416649 0 15.81952985150291 0 -0.00034439710899067031 0 0 0.10027797999598427 0 4977.8052937052562
 129.56139766453902 0 15.786317158380928 0 -0.00045589487875265976 0 0 0.10020249238124351 0 4977.2912813181847
 129.56889515944241 0 15.760117378273922 0 -0.00046538111325073378 0 0 0.10013134699369287 0 4976.8711059682037
 129.57555133980594 0 15.737893239003698 0 -0.00041760312519002475 0 0 0.10006809345951984 0 4976.4830060231261
 129.58163164961428 0 15.719028337074514 0 -0.00032903308683199229 0 0 0.10001632843578223 0 4976.1090470133013
 129.58724315113668 0 15.70337234221938 0 -0.0002098478346650957 0 0 0.09997933947247184 0 4975.7404406931209
 129.59244490058668 0 15.690899968654422 0 -6.7741728050042577e-05 0 0 0.099960148284135478 0 4975.3710777392826
 129.59727701932422 0 15.681633843077476 0 9.082836055284205e-05 0 0 0.099961717748682996 0 4974.9956136477822
 129.60177295299241 0 15.67562320842049 0 0.00026007003750891871 0 0 0.09998720722538891 0 4974.6083984832994
 129.60596743099549 0 15.67294611571025 0 0.0004345272633901268 0 0 0.10004036971097043 0 4974.2023680712209
 129.60990574656111 0 15.673736379297807 0 0.00060885106044742299 0 0 0.10012634828360874 0 4973.7671257539196
 129.6136635004307 0 15.678271850314294 0 0.00077762037760043781 0 0 0.10025374117563252 0 4973.284148144844
 129.61741885003246 0 15.687332469906295 0 0.00093536623661723164 0 0 0.1004423847675581 0 4972.7087830025148
 129.62189029920017 0 15.704543926158719 0 0.0010739940828134013 0 0 0.1007750841461087 0 4971.8527453079942
 129.62479407986837 0 15.718695554069191 0 0.0011061054281672181 0 0 0.10106733407828372 0 4971.1648434588369
 129.62689854057655 0 15.728942666203647 0 0.0010887016752380255 0 0 0.10131282575867152 0 4970.5953683864363
