# Created by Octave 8.3.0, Sun Apr 06 22:12:38 2025 -03 <santi@agc>
# name: x
# type: matrix
# rows: 230
# columns: 10
 129.70240037491092 0 8.7913216859758396 0 0 0 0 0.10258378720238154 0 5000
 129.70240801813949 0 8.8085102536828046 0 0.00051101249772050352 0 0 0.10258497366241989 0 5000.0210192548157
 129.70238957777491 0 8.8347907744178507 0 0.0012727623110265571 0 0 0.1025911850380667 0 5000.0524009346045
 129.70229465743003 0 8.8753166371811218 0 0.0024045874629856183 0 0 0.10261039320532553 0 5000.0991435695287
 129.70200101847226 0 8.9385422940433124 0 0.004077799852166177 0 0 0.10266118756556668 0 5000.1685198775331
 129.7012204332469 0 9.038696255191752 0 0.0065317135685987529 0 0 0.10278590711391315 0 5000.2709408390874
 129.6992567167905 0 9.200269581575208 0 0.010080958781590521 0 0 0.10307894204999342 0 5000.4209328848301
 129.69441310180224 0 9.4659468194484866 0 0.015086918997090651 0 0 0.10374513919752755 0 5000.6379532848805
 129.68288640446443 0 9.9100995440631259 0 0.021860650586795038 0 0 0.10521326149623837 0 5000.9463828739808
 129.65619746764139 0 10.65639554140923 0 0.030328686636947357 0 0 0.10832789027699112 0 5001.3736645244417
 129.60093363072937 0 11.806676551577196 0 0.038809937288085204 0 0 0.11414628394695249 0 5001.9135046008632
 129.52254070926227 0 13.083759225004041 0 0.043651842088972111 0 0 0.12162744108699329 0 5002.4327063975452
 129.44228341935531 0 14.179830262268172 0 0.044571584394603736 0 0 0.12877326984155044 0 5002.8591116317784
 129.3654660613638 0 15.107786960187541 0 0.042972031695038153 0 0 0.1353575615812225 0 5003.2374980068871
 129.29476752699719 0 15.888621381541993 0 0.039615017450859186 0 0 0.14135085581784412 0 5003.5973988438282
 129.23338911607226 0 16.523603132606279 0 0.035026509899671196 0 0 0.14664377066849724 0 5003.952798053363
 129.18392034123653 0 17.013327192417854 0 0.029662864641922037 0 0 0.15113776865046558 0 5004.3113062564153
 129.14773132301144 0 17.364046052286628 0 0.023918300031485262 0 0 0.15478615997797227 0 5004.6776600638068
 129.12502725088225 0 17.586871311890867 0 0.018126691900490519 0 0 0.1575884536045421 0 5005.0541161872379
 129.11500637308626 0 17.696787866297633 0 0.012562845767360978 0 0 0.15958348015170035 0 5005.4405071091742
 129.11605557297895 0 17.711814120894367 0 0.0074460135050191103 0 0 0.16084291621719479 0 5005.8339026307349
 129.12590674412175 0 17.652653163137145 0 0.0029487329524798787 0 0 0.16146683655858679 0 5006.2273835771784
 129.14159817156363 0 17.543802015207259 0 -0.00077917173927025737 0 0 0.16158551698072057 0 5006.6060401215682
 129.15855715278448 0 17.421078622577422 0 -0.0035095335759944678 0 0 0.16138645507391472 0 5006.9297454435373
 129.18310170528613 0 17.239611329092074 0 -0.0063731228443282464 0 0 0.16082745584742575 0 5007.3368206279747
 129.22534687738599 0 16.922344975045139 0 -0.0096620133339966364 0 0 0.15946439562019971 0 5007.9688990619379
 129.27632568147877 0 16.536315511767892 0 -0.011923428568378905 0 0 0.15741772430114639 0 5008.6995394997575
 129.32273433641845 0 16.185982130195217 0 -0.012777326407235275 0 0 0.15529567674478595 0 5009.3799145765579
 129.36254962552366 0 15.889997653680517 0 -0.012690310354819864 0 0 0.15332644326150047 0 5010.0021473707047
 129.39725944635046 0 15.639283354965272 0 -0.011985317999578958 0 0 0.15152236379260459 0 5010.5952127020682
 129.42764197901516 0 15.429754215919111 0 -0.010836660161660664 0 0 0.14989557526886443 0 5011.174911379866
 129.4536865933176 0 15.262484501686799 0 -0.009387742990075611 0 0 0.1484850763812964 0 5011.7412520256339
 129.47551531566603 0 15.136740437731154 0 -0.0077635423697370882 0 0 0.14731361496451287 0 5012.2933776780992
 129.49336421250004 0 15.050147022421005 0 -0.0060716233546756378 0 0 0.14638905661511994 0 5012.8299580269359
 129.50755616615555 0 14.998971620600503 0 -0.0044023404637334434 0 0 0.14570632364302516 0 5013.3491337364067
 129.51847496219088 0 14.978402120156266 0 -0.0028294529863700357 0 0 0.14524936342745956 0 5013.8480948761362
 129.52654119092355 0 14.982733351113783 0 -0.0014119585158177332 0 0 0.1449927286729106 0 5014.3220234014689
 129.53218613241887 0 15.00529341939172 0 -0.00019886752392745907 0 0 0.14490195609296339 0 5014.7613662998847
 129.53580462434905 0 15.037483946502858 0 0.00075504373590529758 0 0 0.14493003197381721 0 5015.1428561787679
 129.53836591273713 0 15.079285793650635 0 0.0015975644501746624 0 0 0.1450474751664097 0 5015.5221443122273
 129.54047828037471 0 15.148844113828018 0 0.0025611977658044132 0 0 0.14533361165076417 0 5016.0407132414775
 129.54148257471948 0 15.269126374008014 0 0.0035688215428780808 0 0 0.14596782780171624 0 5016.8115707726702
 129.54113605437644 0 15.392432198676632 0 0.0040643411884775729 0 0 0.1467359606963316 0 5017.5571700668252
 129.54071933349084 0 15.490451593978142 0 0.0041484156174804035 0 0 0.14741808734538384 0 5018.1715310268419
 129.54077333350708 0 15.573006352444105 0 0.004004435042462273 0 0 0.1480448834408872 0 5018.7400685631355
 129.54157552799327 0 15.642268434668205 0 0.0037028262632297021 0 0 0.14861703693829231 0 5019.2897816627565
 129.54330383372735 0 15.698354539809756 0 0.0032914062167246272 0 0 0.14912523889071078 0 5019.8292958609563
 129.54604620135663 0 15.74131922773406 0 0.0028113583926632777 0 0 0.14956082505830554 0 5020.3613108324989
 129.54981480312549 0 15.771716708992034 0 0.0022980295328452168 0 0 0.14991969782659254 0 5020.8873101025438
 129.55455969894186 0 15.79052548064262 0 0.0017811181443641434 0 0 0.15020180627695609 0 5021.4079775842392
 129.56018105070629 0 15.799049301726731 0 0.0012847633074310489 0 0 0.15041046834520555 0 5021.9233117283356
 129.56653876432466 0 15.798821153130195 0 0.00082774153547899903 0 0 0.15055167286742493 0 5022.4325320973312
 129.57345604292931 0 15.791527168307612 0 0.00042388022588691097 0 0 0.15063343821777841 0 5022.9336334686604
 129.58119121298671 0 15.778019915423892 0 6.2638881399614433e-05 0 0 0.15066601905796195 0 5023.4537278108173
 129.59098307146638 0 15.756055800634771 0 -0.00028393733383012359 0 0 0.15064753787898469 0 5024.0758689407639
 129.60635811364867 0 15.716189340736525 0 -0.00062619031388541917 0 0 0.15053534757081824 0 5025.0148988526644
 129.61883405879377 0 15.68240073625855 0 -0.00075192799327939341 0 0 0.15040107993545909 0 5025.7704432046139
 129.62868217484848 0 15.656503564541971 0 -0.00076783667039155752 0 0 0.15028307712507555 0 5026.3771461431334
 129.63757149902378 0 15.634625872577246 0 -0.00072558644683349833 0 0 0.15017573416800506 0 5026.9408445232593
 129.64587658510669 0 15.616117098893953 0 -0.00064217472104342692 0 0 0.15008064472326851 0 5027.4874796533159
 129.65375448411987 0 15.600828761112387 0 -0.00052795830734616396 0 0 0.1500001601407932 0 5028.0293809499426
 129.66130229973174 0 15.588739429551191 0 -0.00039073302157007883 0 0 0.14993661788653831 0 5028.5752057869104
 129.66859759268485 0 15.579876386352778 0 -0.00023702874207953508 0 0 0.14989233789789694 0 5029.1326992431796
 129.67571781312742 0 15.574294690931522 0 -7.2703215724437362e-05 0 0 0.14986975126768656 0 5029.7102640296316
 129.68275711638483 0 15.572080386719394 0 9.6714917299427845e-05 0 0 0.14987165067890426 0 5030.3186458337004
 129.68985241337552 0 15.573379694726556 0 0.00026577653275014604 0 0 0.14990171680083017 0 5030.9739118031503
 129.69724603025841 0 15.578493174989376 0 0.00042888577414571622 0 0 0.14996589559049323 0 5031.7049384521179
 129.70551877248769 0 15.588255717515697 0 0.00058014793247990865 0 0 0.15007759055103623 0 5032.5815017224659
 129.71710403665733 0 15.606537841035701 0 0.00070977344797104125 0 0 0.15029246820581479 0 5033.8992739628902
 129.72595386494152 0 15.621371449325119 0 0.00073527213425774059 0 0 0.15048428100706512 0 5034.9566034305635
 129.73311085775092 0 15.63208985127738 0 0.00071442981323047324 0 0 0.15064201548122097 0 5035.8273512067035
