# Created by Octave 8.3.0, Mon Apr 07 08:06:35 2025 -03 <santi@agc>
# name: x
# type: matrix
# rows: 145
# columns: 10
 129.06454551587387 0 15.567372635769971 0 0 0 0 0.15494366476221141 0 5000
 129.06454547728478 0 15.567373024245502 0 -4.228006803188459e-11 0 0 0.1549436647620023 0 5000.0581118227965
 129.06454532962243 0 15.567375058161629 0 -5.0264862884624601e-10 0 0 0.15494366475735857 0 5000.1452795345031
 129.064544913427 0 15.567381334304816 0 -3.1522183265883307e-09 0 0 0.15494366470857743 0 5000.2760309850064
 129.0645438768218 0 15.567397860370791 0 -1.5011800648600641e-08 0 0 0.15494366433826096 0 5000.4721576763595
 129.06454148652728 0 15.56743811388313 0 -6.1656609539886484e-08 0 0 0.15494366197123971 0 5000.766345893725
 129.06453635732868 0 15.567531262647091 0 -2.3081270341373411e-07 0 0 0.15494364834494526 0 5001.2076217411704
 129.06452642556718 0 15.567737013086559 0 -8.0652318764352128e-07 0 0 0.15494357550167914 0 5001.8695132574048
 129.06451102369044 0 15.568165402589193 0 -2.6425204351987713e-06 0 0 0.15494321039796191 0 5002.8622761690431
 129.06450284466365 0 15.568976533591686 0 -8.0145709517545281e-06 0 0 0.15494150727819594 0 5004.3511774705621
 129.06457594384406 0 15.57027210906705 0 -2.1758749998495353e-05 0 0 0.15493430385547843 0 5006.5837437037417
 129.06499393571113 0 15.571759997757367 0 -4.9058084584384829e-05 0 0 0.1549090857956123 0 5009.8267790358832
 129.06592479735781 0 15.572650942444053 0 -7.7659423231659744e-05 0 0 0.15486265726787266 0 5013.1344192984052
 129.06845864064968 0 15.573643394369331 0 -0.00011233252292532172 0 0 0.1547580368885085 0 5018.0845199281994
 129.07269808244982 0 15.575113448283007 0 -0.00014144235452554662 0 0 0.15461583659900319 0 5023.122911182656
 129.08117833576392 0 15.57756881669216 0 -0.00017889956901772849 0 0 0.15438576480867264 0 5029.5489694171911
 129.09517447069828 0 15.580411217565986 0 -0.00021727475355050741 0 0 0.15407437889077211 0 5036.5128322201499
 129.12709121408187 0 15.585443840351273 0 -0.00026120276544347194 0 0 0.15350952663747752 0 5046.8242163658233
 129.20305145566115 0 15.595332612077007 0 -0.00029807100424927689 0 0 0.15251638134112605 0 5061.9367943598982
 129.33039270459525 0 15.609730653164947 0 -0.00029335387252555576 0 0 0.15134052606244555 0 5078.2841300903201
 129.52897143659195 0 15.630612452668492 0 -0.00023057206300227886 0 0 0.15013604334794467 0 5096.4714391152747
 129.72695546411191 0 15.650768287166743 0 -0.00014106696428019971 0 0 0.14942591998780169 0 5111.1950513624388
 129.91437404764318 0 15.669708514124359 0 -4.588254262057993e-05 0 0 0.14911267562334576 0 5123.9415078473467
 130.0996952158394 0 15.68854102782818 0 5.1086418852998772e-05 0 0 0.14912157729491207 0 5136.3948446194636
 130.27711512976771 0 15.706876937015005 0 0.0001410667340941594 0 0 0.14943828908167023 0 5148.9711310764687
 130.44515663391113 0 15.724782851519871 0 0.00021721441450232962 0 0 0.15005947137971595 0 5162.440374723501
 130.60017072809663 0 15.742208212785508 0 0.00026902566225053267 0 0 0.15099598956787044 0 5177.8063597663477
 130.74460011892765 0 15.760316203087488 0 0.00027482722218105166 0 0 0.1523682542930215 0 5198.6359910875817
 130.81971220920201 0 15.771999736885542 0 0.00022262782109539961 0 0 0.15347118070768093 0 5217.7223687958067
 130.85407059770259 0 15.779553429331967 0 0.00014174268428852161 0 0 0.15417278327669598 0 5234.7884953183584
 130.87041349454961 0 15.784982475018193 0 5.2913909241291009e-05 0 0 0.1545035629137036 0 5250.0976056707505
 130.88337468633225 0 15.789850181125733 0 -3.7162175996708792e-05 0 0 0.15452893663432249 0 5264.8108904336441
 130.90281649661074 0 15.795129348499838 0 -0.00012218468913424864 0 0 0.15427014988984861 0 5279.4319140682865
 130.9385851350066 0 15.801774414732321 0 -0.00019563614839809048 0 0 0.15373480378096899 0 5294.41698629028
 131.00402801198919 0 15.811088019141412 0 -0.00024920889438436627 0 0 0.15291648499557375 0 5310.4413157196077
 131.12811954450208 0 15.825981006938143 0 -0.00026791191646294131 0 0 0.15175662592948425 0 5329.3542793265306
 131.34127816687354 0 15.849134134972577 0 -0.00022131255569599696 0 0 0.15043544272418449 0 5351.2010435802176
 131.55251793154838 0 15.871113782055353 0 -0.00013895472217733085 0 0 0.1496608934210405 0 5368.1261501031559
 131.74638804468668 0 15.891061542634375 0 -5.0556107470239842e-05 0 0 0.14931931932278375 0 5382.1255876529876
 131.93520067341495 0 15.910564669192418 0 3.9074802774661727e-05 0 0 0.14929983322087317 0 5395.4969295430647
 132.11748240119374 0 15.929686497348198 0 0.00012291624560382795 0 0 0.14958168612120584 0 5409.0230832989409
 132.29068151711485 0 15.948392803702768 0 0.00019331678300032931 0 0 0.1501586702411806 0 5423.4454683805716
 132.45301840226082 0 15.966845946684709 0 0.00024014157401771276 0 0 0.15104377028605401 0 5439.9905921266964
 132.61107098591572 0 15.986785000743861 0 0.00023980760621724776 0 0 0.1523691857194166 0 5463.080215797816
 132.68840531524515 0 15.998492110078757 0 0.00019085952297722984 0 0 0.15328547159335459 0 5481.6145763690365
 132.73384771457557 0 16.007134837141965 0 0.00011500575178564822 0 0 0.15389234800254831 0 5499.3215742050461
 132.76245355297721 0 16.01376423752135 0 3.252912195913741e-05 0 0 0.15415328392761821 0 5515.3325197413942
 132.78907911525718 0 16.019971879752042 0 -5.0095787185210124e-05 0 0 0.15412306263450498 0 5530.8131116582981
 132.82411484699981 0 16.026788265068717 0 -0.00012645628819624876 0 0 0.15382009258837051 0 5546.2877662219671
 132.87862947180344 0 16.03530787727486 0 -0.00018985420509845009 0 0 0.15325024372562193 0 5562.3190570445267
 132.96920643503773 0 16.047186919249228 0 -0.00023104315804214844 0 0 0.15240266487842724 0 5579.8401160842132
 133.14328517035796 0 16.067319631217366 0 -0.00022909685735459563 0 0 0.15117454474079661 0 5602.2327775672493
 133.34236075966245 0 16.088835683212359 0 -0.00017719517847271187 0 0 0.15023319145296765 0 5621.097972568823
 133.5484986626461 0 16.110531757025765 0 -0.0001002789594685016 0 0 0.14965821889427258 0 5637.6239574669207
 133.74600578008577 0 16.131199891076474 0 -1.7386715080804438e-05 0 0 0.14943849757359251 0 5652.3877888917086
 133.93778137665328 0 16.151418192623368 0 6.4298027277114283e-05 0 0 0.14952437699994928 0 5666.7743405648134
 134.12230546971452 0 16.171256098831055 0 0.0001375327163196893 0 0 0.14990030426329901 0 5681.6060804953722
 134.29809221474056 0 16.190834910091656 0 0.00019402406522447003 0 0 0.15056527926549629 0 5697.8798304590746
 134.46703050778382 0 16.210894183658937 0 0.00022039627780770925 0 0 0.15155739096496729 0 5717.8179550955647
 134.60918736179562 0 16.229952818836583 0 0.00018886363455459065 0 0 0.15273749778349166 0 5742.6143892429327
 134.6833372395875 0 16.241833000382176 0 0.000120919206725335 0 0 0.15344825477898824 0 5763.0421448155685
 134.7290617247447 0 16.250299882026482 0 4.564177478583833e-05 0 0 0.15376583585785231 0 5780.330483412291
 134.76908415847436 0 16.257934668155411 0 -3.0812629095292328e-05 0 0 0.15379230590806925 0 5796.74786726605
 134.81544886092041 0 16.265987718453065 0 -0.00010246031751483279 0 0 0.15355235912277268 0 5813.0742062520994
 134.87963448057124 0 16.275605716637678 0 -0.00016262656108922323 0 0 0.15305513777589755 0 5829.8963743670229
 134.97813538119641 0 16.288462408978869 0 -0.00020274000430991603 0 0 0.15229511153486944 0 5848.1824699122426
 135.15411755681322 0 16.309064236241106 0 -0.00020482382615928676 0 0 0.15120011265459524 0 5871.0428990800337
 135.37729423106583 0 16.333548758046252 0 -0.0001545131357268708 0 0 0.15025520757720795 0 5892.7519146799314
 135.59152565966198 0 16.356440988964671 0 -8.2521749068792716e-05 0 0 0.14973742533444154 0 5910.4639064225757
 135.79524721438895 0 16.378107876773633 0 -5.6139138624076654e-06 0 0 0.14956397231314456 0 5926.3206797596149
 135.99245867893177 0 16.399262388267921 0 6.9014247825688031e-05 0 0 0.14968669116592201 0 5941.8511698470365
