# Created by Octave 8.3.0, Mon Apr 07 01:28:13 2025 -03 <santi@agc>
# name: x
# type: matrix
# rows: 172
# columns: 10
 129.53358614810131 0 11.002275201630532 0 0 0 0 0.1370941244634428 0 5000
 129.53341122353743 0 11.013784023488475 0 0.00034244577941096131 0 0 0.13709491957107731 0 5000.0315535780355
 129.53312241818278 0 11.0313775098275 0 0.00085270135584487395 0 0 0.13709908133415577 0 5000.0787855933804
 129.53263006018074 0 11.058500368577967 0 0.0016103499014076313 0 0 0.13711194704051666 0 5000.149413254996
 129.53175942444099 0 11.100797787103149 0 0.0027292391909806736 0 0 0.13714595192526238 0 5000.2548621695769
 129.53015961569599 0 11.167754195152238 0 0.0043674355351730615 0 0 0.13722937987621905 0 5000.411938638078
 129.52711030596399 0 11.275683977662135 0 0.0067326487308258798 0 0 0.1374251715203442 0 5000.6451260966132
 129.52111533154806 0 11.453083764871447 0 0.010068140285946783 0 0 0.1378698910572744 0 5000.9895947015548
 129.5090730061217 0 11.749511591654732 0 0.014580374378323751 0 0 0.13884930864652298 0 5001.4948968046574
 129.48471383158093 0 12.247314991509178 0 0.020218897369574031 0 0 0.14092611424138937 0 5002.2292785624777
 129.4363349497703 0 13.065396060386334 0 0.026140457853368763 0 0 0.14508518872840251 0 5003.2856320173078
 129.37565272870461 0 13.935594491738804 0 0.02922453387150439 0 0 0.15022772266174919 0 5004.3361984173771
 129.31920215665102 0 14.65473057697673 0 0.029648655418843067 0 0 0.15495342087648201 0 5005.2213683172404
 129.26729942093229 0 15.263284796360212 0 0.028457704666909445 0 0 0.15930016303415767 0 5006.0358995414463
 129.22088135777574 0 15.775072015687812 0 0.026130622561785853 0 0 0.16325338061950306 0 5006.8217786365185
 129.18156587139219 0 16.189681025715995 0 0.023012197350421634 0 0 0.16673301351288544 0 5007.5932380161548
 129.15055128730671 0 16.507748863570377 0 0.019402699704196596 0 0 0.16967593226859981 0 5008.3565365296636
 129.12834858367421 0 16.733706009914052 0 0.015561362909590938 0 0 0.17205363947036906 0 5009.1149756812856
 129.11483111099071 0 16.875201300981399 0 0.011707238372857417 0 0 0.17386826149123388 0 5009.8693283789189
 129.10932943665745 0 16.942434177946094 0 0.0080200712076113258 0 0 0.17514788052030181 0 5010.6176925387517
 129.11073523562362 0 16.947604313614676 0 0.0046429138400089463 0 0 0.1759422372900577 0 5011.3546278513959
 129.11756864118183 0 16.90472738549667 0 0.001688664293490631 0 0 0.17631998588193126 0 5012.06863976568
 129.1279013998911 0 16.830554608334033 0 -0.000741782541548823 0 0 0.17637070637518232 0 5012.7343392895218
 129.13859466424316 0 16.750672111047063 0 -0.0024771934786402363 0 0 0.1762270809762797 0 5013.2772664184431
 129.15510742291659 0 16.624939901271468 0 -0.0044232476956145876 0 0 0.17582469623670291 0 5013.995400488453
 129.18361145295319 0 16.40548946780682 0 -0.0066307637208875107 0 0 0.1748559097351888 0 5015.0874462496413
 129.22377569839188 0 16.096578377380876 0 -0.0082509226915349742 0 0 0.17315995369767154 0 5016.5270047317608
 129.25582261563932 0 15.854115278293142 0 -0.0086195252852261026 0 0 0.17162796162783248 0 5017.6908175385151
 129.28114701870632 0 15.667992888865765 0 -0.0083891945707656838 0 0 0.17033836390476109 0 5018.6689662706603
 129.30342578207967 0 15.511037796688354 0 -0.0077948838879110345 0 0 0.16916270785473198 0 5019.608445482465
 129.32289499310352 0 15.382117299175896 0 -0.0069419535885939972 0 0 0.16811698680399073 0 5020.5264847772314
 129.33954304003842 0 15.281462497663846 0 -0.0059214409388227132 0 0 0.1672230077836912 0 5021.4245382627514
 129.35345090990432 0 15.208138916619591 0 -0.0048124369168074345 0 0 0.16649210515355989 0 5022.3023927926442
 129.36477919770874 0 15.16018926474136 0 -0.0036823781496447745 0 0 0.16592616843188265 0 5023.1586459746823
 129.37374915820618 0 15.134830273119452 0 -0.0025872057778881389 0 0 0.16551899475707468 0 5023.9905012223144
 129.38062359218134 0 15.128627512636772 0 -0.0015719648704034955 0 0 0.16525758538199448 0 5024.7929007779421
 129.38568735396285 0 15.137583182056614 0 -0.00067240925535933394 0 0 0.16512307232390497 0 5025.5563009899297
 129.38922291257336 0 15.156974380272059 0 8.0715574671569746e-05 0 0 0.16509054060900177 0 5026.2604466441853
 129.39172052528062 0 15.183902930835368 0 0.00071944277589436497 0 0 0.16513368207458204 0 5026.9337897741943
 129.39371052311091 0 15.223060235203478 0 0.0013464054437362755 0 0 0.16526206700461141 0 5027.7105417927996
 129.39534504854993 0 15.291116256192101 0 0.0020391756491911642 0 0 0.16557194601084341 0 5028.8481117627225
 129.39606475975089 0 15.368766143145022 0 0.0024752612122825516 0 0 0.1660035385726232 0 5030.0336476341499
 129.39644079517413 0 15.439291666747872 0 0.0026342779437190313 0 0 0.16644831490736497 0 5031.1123689727929
 129.39696314516237 0 15.498714060538811 0 0.0026072909167315973 0 0 0.16685936457355746 0 5032.0840304531393
 129.39788939877241 0 15.548943569826951 0 0.0024582615190416371 0 0 0.16723564923294632 0 5033.0045802445638
 129.39937762146917 0 15.59075232744884 0 0.0022221672269606874 0 0 0.16757476067339785 0 5033.9030175918851
 129.40150968566522 0 15.623984824658537 0 0.0019278192057252035 0 0 0.16786927135949054 0 5034.783993426714
 129.40431179107793 0 15.648832645509261 0 0.0016001529707331751 0 0 0.16811492190019806 0 5035.6496580234143
 129.40776353891476 0 15.665802087264971 0 0.0012604772811387339 0 0 0.16831035617114076 0 5036.5005602744523
 129.41180491995857 0 15.675655432373453 0 0.000926533383670643 0 0 0.16845671658930897 0 5037.3358043310536
 129.41634044128986 0 15.679351327363326 0 0.0006126053282225184 0 0 0.16855721829695819 0 5038.1526975310799
 129.42136901018057 0 15.677908205260321 0 0.00032288773065884202 0 0 0.16861784847810837 0 5038.966027264627
 129.42739711162983 0 15.67139457249505 0 4.0212068086774961e-05 0 0 0.1686434710819642 0 5039.859555499931
 129.43484823066265 0 15.658955665046671 0 -0.00023001900286621251 0 0 0.16862750763824844 0 5040.8871294590008
 129.44511982741417 0 15.637563374393757 0 -0.00048581153839464056 0 0 0.16855038846040821 0 5042.2253116468573
 129.45773116752704 0 15.608909593222329 0 -0.00064933621504312581 0 0 0.16840558015686377 0 5043.8163418614595
 129.46783842405023 0 15.586477286366714 0 -0.00068061607765602906 0 0 0.16827064564428029 0 5045.0909427840679
 129.4759882101564 0 15.569926033055166 0 -0.00065117505440224718 0 0 0.16815992950873937 0 5046.1385586196475
 129.48359583160109 0 15.556411233398842 0 -0.00058631381484423742 0 0 0.16806124807934528 0 5047.1445452655553
 129.49087481658887 0 15.545735025223435 0 -0.00049625626522413382 0 0 0.16797575989355279 0 5048.1414195765019
 129.49794750130729 0 15.537878917707665 0 -0.00038849606821639044 0 0 0.16790512899366516 0 5049.1497126548638
 129.50492113400628 0 15.53287492047917 0 -0.00026931096045311139 0 0 0.16785106633177566 0 5050.1883769840588
 129.51191940203017 0 15.53078798608473 0 -0.00014441828461708305 0 0 0.16781538560686382 0 5051.2797470023197
 129.51912100822599 0 15.531735202638565 0 -1.9380641308232695e-05 0 0 0.16780025364100004 0 5052.4563111788875
 129.52685024067145 0 15.535971406544977 0 0.00010000680700768608 0 0 0.16780892206051023 0 5053.7772792792994
 129.53594282659336 0 15.544282769418148 0 0.00020708949012209811 0 0 0.16784879460324711 0 5055.3961872348191
 129.54653532516758 0 15.556344327848798 0 0.00027438029293900493 0 0 0.16792370823393182 0 5057.3385841126365
 129.55646053781487 0 15.567575661602834 0 0.0002823005024128241 0 0 0.16800524523706881 0 5059.1750818836026
 129.5649293574202 0 15.57568837021849 0 0.00025636018266212801 0 0 0.16807178851912549 0 5060.7298879428145
 129.57322425279153 0 15.581711797717009 0 0.00021306006713868206 0 0 0.16812762085553654 0 5062.2296439703014
 129.58183158698915 0 15.585853901342791 0 0.0001600622603054033 0 0 0.16817275867926718 0 5063.7578915875083
