# Created by Octave 8.3.0, Wed Apr 09 22:18:21 2025 -03 <santi@agc>
# name: x
# type: matrix
# rows: 260
# columns: 10
 128.05793067653539 0 22.386745874370696 0 0 0 0 0.1730684216298973 0 5000
 128.05917261782102 0 22.370844907116862 0 -0.00046578518923997214 0 0 0.17306734021738465 0 5000.0000365286678
 128.06110821589621 0 22.346540468912671 0 -0.0011604917843812354 0 0 0.17306167740947001 0 5000.0002280598828
 128.06417294681063 0 22.309076597843095 0 -0.00219357216837058 0 0 0.17304415835881248 0 5000.0008218872636
 128.06912555454377 0 22.250655076902657 0 -0.0037228445526574453 0 0 0.17299780047463756 0 5000.0023983935798
 128.07732895915737 0 22.158151592599417 0 -0.005970509460168162 0 0 0.17288385678116205 0 5000.0062923048827
 128.09129046175698 0 22.008896606016606 0 -0.0092365390354514337 0 0 0.17261566201131254 0 5000.015524374382
 128.11566769891729 0 21.762937528886898 0 -0.013894153525969861 0 0 0.17200353194650658 0 5000.0368228080824
 128.15898226151984 0 21.349502951857541 0 -0.020326678226864132 0 0 0.17064429228944428 0 5000.0848652552486
 128.23592366586095 0 20.646347660521045 0 -0.02870872057856956 0 0 0.167719899526316 0 5000.1906159372111
 128.30204233205302 0 20.053220846451872 0 -0.034110033872822701 0 0 0.16484681151530942 0 5000.2968537041679
 128.35984891650429 0 19.53482267960128 0 -0.037724343727105147 0 0 0.16210290558088195 0 5000.400368265301
 128.44772795756299 0 18.739062836230794 0 -0.04163401961478698 0 0 0.15755169735354976 0 5000.5771406524445
 128.57512226878526 0 17.556276455507092 0 -0.044321402885806521 0 0 0.15014496037860464 0 5000.8801341417056
 128.68348073811376 0 16.486597467996919 0 -0.04374554640115301 0 0 0.14278148996537771 0 5001.2031851156944
 128.76324776390581 0 15.649765525684792 0 -0.041089768346518361 0 0 0.13652762965759851 0 5001.4989400128788
 128.82589750285868 0 14.955404163757695 0 -0.036992402218482372 0 0 0.13091239240526825 0 5001.7872758129915
 128.87301695125765 0 14.40580826618608 0 -0.031934976035156833 0 0 0.12605730346605584 0 5002.0619698142209
 128.90632389363651 0 13.997640653566997 0 -0.026335892094206181 0 0 0.12203235330786462 0 5002.3181795959208
 128.92754910158146 0 13.722180494516056 0 -0.020553420069863115 0 0 0.11885829343626753 0 5002.5525166824973
 128.93836155313934 0 13.566280512809383 0 -0.014886533770859901 0 0 0.11651322151092831 0 5002.7628945252836
 128.94037207507475 0 13.513317182400286 0 -0.0095769500065317082 0 0 0.11493939629419803 0 5002.948287003931
 128.93520781688005 0 13.543845846025393 0 -0.0048148895031589253 0 0 0.11404894365918411 0 5003.1083565183962
 128.92468805701662 0 13.63538229794551 0 -0.00075385582437024513 0 0 0.11372583770484633 0 5003.2427583002373
 128.91132113619474 0 13.759079938639045 0 0.0024406641016843783 0 0 0.11381509211969543 0 5003.3491679066128
 128.89624423925079 0 13.90027717333783 0 0.0049892010894067706 0 0 0.11416806838958109 0 5003.4363976884079
 128.86940026666994 0 14.149596715301442 0 0.0081189056391024941 0 0 0.11510341002992977 0 5003.5511505741233
 128.82235370174595 0 14.572117045369652 0 0.011242217839087229 0 0 0.11718127468982753 0 5003.6926480354941
 128.7784352631306 0 14.946599915393122 0 0.012492802389241428 0 0 0.11936152257368809 0 5003.7914264501997
 128.74018640506776 0 15.255271904005182 0 0.012625209668810098 0 0 0.1213553065399182 0 5003.8653726228495
 128.70582618223082 0 15.516983982061976 0 0.012075804635209792 0 0 0.12318762550654133 0 5003.9287173114908
 128.67493528485417 0 15.737428916366389 0 0.011042771190549142 0 0 0.12485061588087867 0 5003.9877951019589
 128.64786400104373 0 15.916022483952478 0 0.0096735264378196469 0 0 0.12630700199343065 0 5004.0456615176809
 128.62487028806487 0 16.053048218173753 0 0.0080970847368420119 0 0 0.12752977643810162 0 5004.1042564300997
 128.60599420820344 0 16.150468253236511 0 0.0064251304354652943 0 0 0.12850722040669063 0 5004.164796565532
 128.59107957185273 0 16.211667285811338 0 0.0047522719435461247 0 0 0.12924113253956307 0 5004.2278501022138
 128.57981118548054 0 16.241171956983013 0 0.0031565175727447745 0 0 0.12974487612031727 0 5004.2933437790171
 128.5717577894215 0 16.244439621660593 0 0.001700789518415041 0 0 0.13004172020348564 0 5004.3604720878775
 128.56641528943183 0 16.227849903204884 0 0.00043686642394294125 0 0 0.13016415756684332 0 5004.4273668469696
 128.56325009275636 0 16.199326968546455 0 -0.00058263270622273288 0 0 0.13015620119455551 0 5004.4899609619151
 128.56145897025209 0 16.162990492077576 0 -0.0014301158186311252 0 0 0.1300595858414714 0 5004.5507021139847
 128.56049928902326 0 16.105100972520827 0 -0.0023649711731061809 0 0 0.1298245637804834 0 5004.6321888501161
 128.56112647352515 0 16.002515857590634 0 -0.0034178719980905541 0 0 0.12928626495307005 0 5004.7599187230753
 128.56332180111832 0 15.884902315656801 0 -0.0040789177968891741 0 0 0.12855284476062839 0 5004.8995898113317
 128.56569964506136 0 15.77789994301167 0 -0.004313099861042567 0 0 0.12780110558851043 0 5005.0304424590504
 128.567483272348 0 15.688284232764698 0 -0.0042598413491869115 0 0 0.12710896519904763 0 5005.1491789388947
 128.56845201565508 0 15.61306173167625 0 -0.0040190277651411107 0 0 0.12647447563071323 0 5005.2613372212309
 128.56846479038546 0 15.55115824243858 0 -0.003645686331761037 0 0 0.12590062001080446 0 5005.3694204269705
 128.56743430723719 0 15.502741669156109 0 -0.0031849065011021823 0 0 0.1253982518007512 0 5005.4734168770838
 128.565344642502 0 15.467466562463741 0 -0.0026753453133503617 0 0 0.12497348957546252 0 5005.5732288140971
 128.56223560941072 0 15.444526229368513 0 -0.0021497246141026372 0 0 0.12462809466320865 0 5005.6687890712383
 128.55818876083976 0 15.432752347619417 0 -0.0016349524674156898 0 0 0.12436013025418564 0 5005.7601028244399
 128.55331446080038 0 15.43072553557521 0 -0.001152234449477495 0 0 0.12416470300512433 0 5005.847266132917
 128.54773901645046 0 15.436887025563468 0 -0.00071727550992814536 0 0 0.12403472521759576 0 5005.9304841739659
 128.54158889615215 0 15.449654912384284 0 -0.00034054288399850536 0 0 0.12396167898389375 0 5006.0101240275771
 128.53415987377184 0 15.469936308412056 0 4.8495708790507043e-06 0 0 0.12393612546256287 0 5006.0957438645355
 128.52323102250034 0 15.50481981584233 0 0.00034194375495066783 0 0 0.12397536951503227 0 5006.2092060473506
 128.5119167016193 0 15.543368939048571 0 0.00051525335222582871 0 0 0.12407165666899557 0 5006.3182550581405
 128.50305081554163 0 15.573282981035087 0 0.00054243157972156341 0 0 0.12416585708130502 0 5006.4014597128498
 128.49604439302141 0 15.59576915916543 0 0.00050185677729955855 0 0 0.12424213067545947 0 5006.4675947909327
 128.48963156101439 0 15.614817490212316 0 0.000419193174124078 0 0 0.12430690228761636 0 5006.5295910379982
 128.48367914949029 0 15.630646596579551 0 0.00030505385975965611 0 0 0.12435721409947612 0 5006.5893803769159
 128.47812153802053 0 15.643289935427459 0 0.00016734781606736473 0 0 0.12439018409155524 0 5006.6481327924239
 128.47291339476701 0 15.652727936822439 0 1.2652227184514406e-05 0 0 0.12440300104404232 0 5006.706777877298
 128.46801529702626 0 15.658913026624155 0 -0.00015316525447636389 0 0 0.12439270891055636 0 5006.7661974914217
 128.46338417036435 0 15.661769239791008 0 -0.0003245955514519671 0 0 0.12435586532218021 0 5006.8273863999239
 128.4589616644173 0 15.661167769039182 0 -0.00049624290662068872 0 0 0.12428786599486227 0 5006.8916912879358
 128.45464933666807 0 15.65684642480309 0 -0.00066261900748920514 0 0 0.12418123264883091 0 5006.9613686380462
 128.45022164799184 0 15.648094584563642 0 -0.00081804775819478031 0 0 0.12401942626857337 0 5007.0415821704746
 128.44463612727162 0 15.631196095743809 0 -0.00095757356385584762 0 0 0.12372763264312239 0 5007.1562957427732
 128.44062975727542 0 15.616629541294396 0 -0.00099306644310699632 0 0 0.12346007946853353 0 5007.2464770638044
