# Created by Octave 8.3.0, Thu Apr 10 01:11:15 2025 -03 <santi@agc>
# name: x
# type: matrix
# rows: 275
# columns: 10
 127.64772424562314 0 24.618255318225767 0 0 0 0 0.19052171414984057 0 5000
 127.64949778618299 0 24.597526745322593 0 -0.00072677334160127396 0 0 0.1905200265525436 0 5000.000047515714
 127.65228898510918 0 24.565713867071114 0 -0.0018083625305648731 0 0 0.19051119817171805 0 5000.0002966547027
 127.65676530257102 0 24.516398390149924 0 -0.0034112312450375014 0 0 0.190483931995516 0 5000.0010690815088
 127.66411420100459 0 24.438914982042256 0 -0.005770872469067558 0 0 0.19041197512068089 0 5000.0031196693335
 127.67650677969144 0 24.315068491251292 0 -0.0092074341060185208 0 0 0.19023586845212112 0 5000.0081841158817
 127.69797639345668 0 24.113095613073721 0 -0.014123271140193194 0 0 0.18982425739169609 0 5000.0201890062244
 127.73597546795963 0 23.776914633796398 0 -0.020937326291802085 0 0 0.18889586326289987 0 5000.0478719789107
 127.80367526058353 0 23.208955436075215 0 -0.029841524682134538 0 0 0.18687683766032931 0 5000.1102573305843
 127.89702327189239 0 22.449811320859059 0 -0.038364300250344402 0 0 0.18362159944602757 0 5000.2160475998598
 127.98192299805393 0 21.761641509751911 0 -0.044227496657974541 0 0 0.18029748866444803 0 5000.3295925256361
 128.11378439046393 0 20.677295319706914 0 -0.05135942297736705 0 0 0.17452200334732326 0 5000.5363759846459
 128.2406524761841 0 19.604644400886112 0 -0.056295242457216954 0 0 0.16827764774890902 0 5000.7701806469577
 128.33863504786336 0 18.748798255406186 0 -0.058558685643762355 0 0 0.16295169751192456 0 5000.977429893348
 128.47484627653049 0 17.509165931436733 0 -0.059394919167350818 0 0 0.15473869873712343 0 5001.3129087440157
 128.60911220718617 0 16.188565834459144 0 -0.057033562774477277 0 0 0.14526872056594056 0 5001.7275386433803
 128.70540405758425 0 15.162298864720212 0 -0.052434172920596968 0 0 0.13729011177687017 0 5002.1060126588345
 128.77816484988725 0 14.329892598740592 0 -0.046241820742827067 0 0 0.13026332545464417 0 5002.4701381145733
 128.83067183837349 0 13.689764711060358 0 -0.039053972990118299 0 0 0.12430905532948326 0 5002.8127960789516
 128.86593962456971 0 13.233753213018311 0 -0.031389297621190346 0 0 0.11948690759784189 0 5003.1285097868213
 128.88666042171275 0 12.947151967330736 0 -0.023687066221034399 0 0 0.11579535901840222 0 5003.4136579004889
 128.89519087312871 0 12.809978023101554 0 -0.016308582119522595 0 0 0.11318050411185999 0 5003.6662323684295
 128.89365725611333 0 12.798085750404066 0 -0.0095417605702012957 0 0 0.11154451979220829 0 5003.8854645590427
 128.8841686510014 0 12.883614325729852 0 -0.0036131457261059973 0 0 0.11075142004931149 0 5004.0712140051073
 128.86923316748067 0 13.03335334623352 0 0.0012783730747911734 0 0 0.11062399403214103 0 5004.2226255708329
 128.85310498035432 0 13.197511182714805 0 0.0048126337388486561 0 0 0.11090355409074565 0 5004.3328852106315
 128.82821781659393 0 13.448487698914143 0 0.0086555128084676615 0 0 0.11168767230606332 0 5004.4567246395954
 128.78346102868028 0 13.885709558098673 0 0.013017316868989458 0 0 0.11358406477249716 0 5004.6123521655245
 128.71633476765399 0 14.50277999369256 0 0.016229736990488176 0 0 0.11692303176324206 0 5004.771554554568
 128.65970526198834 0 14.987211651767234 0 0.016956757344823391 0 0 0.11994188116322703 0 5004.8733197849615
 128.61328362693089 0 15.358876665486314 0 0.016494253820476153 0 0 0.12247919468721113 0 5004.9476327184348
 128.57141906186467 0 15.672560462182169 0 0.015308932300816508 0 0 0.12478925099071256 0 5005.0142898155564
 128.53430392526849 0 15.930614575804041 0 0.013609745926164233 0 0 0.12683978482765104 0 5005.0785412124742
 128.50246726812094 0 16.132638596461362 0 0.011577456896931859 0 0 0.12858742502593701 0 5005.1433237421143
 128.47612418988663 0 16.280538224122747 0 0.0093692675869134039 0 0 0.13000977708355119 0 5005.210574329617
 128.45518954113669 0 16.378245587346459 0 0.0071194321710410348 0 0 0.13110339972948237 0 5005.2813633248124
 128.43932405952202 0 16.431338221575349 0 0.0049396688275460086 0 0 0.13188118619030989 0 5005.3559385232202
 128.42799313351401 0 16.446711447664111 0 0.002920574822138219 0 0 0.13236993674529984 0 5005.4336746197559
 128.42052724537916 0 16.432442397369144 0 0.0011354049201683523 0 0 0.1326088323545602 0 5005.5128186530737
 128.41617533394503 0 16.398204220440093 0 -0.00034946584671877233 0 0 0.13265055216736735 0 5005.5896233514504
 128.41415216010336 0 16.357981684177748 0 -0.0014306678004940994 0 0 0.1325724423325772 0 5005.6546702627793
 128.41319974887321 0 16.297193696619267 0 -0.0025808295180120983 0 0 0.13236026037871368 0 5005.7364952010312
 128.41409118100734 0 16.189948695781457 0 -0.0039435680093955396 0 0 0.13185314909011886 0 5005.8622830474815
 128.41855668869317 0 16.007052068701597 0 -0.0052567395886417836 0 0 0.13077745911694952 0 5006.0607881455135
 128.42325834832147 0 15.85427686504824 0 -0.0057141418116895279 0 0 0.12973606387208622 0 5006.2282082937254
 128.42699773486962 0 15.729359574565288 0 -0.0057204534261052322 0 0 0.12879471224437516 0 5006.3752332007216
 128.42959945975133 0 15.624540576587636 0 -0.0054525217103808307 0 0 0.12793222496276374 0 5006.5128066356801
 128.43092022780792 0 15.537370056875957 0 -0.0049911421429637021 0 0 0.12714646708715105 0 5006.6452618271496
 128.43083350261495 0 15.468209723840213 0 -0.0043988889612248958 0 0 0.12645331125629358 0 5006.7725945336069
 128.42930806746361 0 15.416767499260342 0 -0.0037294092249119896 0 0 0.12586250612509506 0 5006.8946208226016
 128.42638871488029 0 15.382106466284663 0 -0.0030283541931258795 0 0 0.12537778445862544 0 5007.0111908925019
 128.42217799515825 0 15.362769009590707 0 -0.0023335947477722283 0 0 0.12499769185681529 0 5007.1222481476489
 128.41681982504849 0 15.356921446681051 0 -0.0016753546870992284 0 0 0.1247165584944061 0 5007.2278492262185
 128.41048424339922 0 15.362500086598061 0 -0.0010764594244580612 0 0 0.12452550913967009 0 5007.3281720917412
 128.4033515647015 0 15.377354617337888 0 -0.00055271836062641621 0 0 0.12441346423059664 0 5007.4235365443328
 128.39558907292087 0 15.39940853250395 0 -0.00011328963070091899 0 0 0.12436815126618478 0 5007.5145053891265
 128.38541417824268 0 15.433515879485512 0 0.00030484137675545607 0 0 0.12438538519319058 0 5007.6212709053652
 128.37275585566269 0 15.479922167641012 0 0.00062518580500197502 0 0 0.1244816229981389 0 5007.7424549442567
 128.36250282891183 0 15.518422179524071 0 0.0007466472400153724 0 0 0.12459523129237172 0 5007.8355498269957
 128.35394635125897 0 15.549967066041384 0 0.00076299637928851178 0 0 0.12470170622012031 0 5007.9120331577124
 128.34622963636957 0 15.577225235727829 0 0.00071524992484268729 0 0 0.1247992469306315 0 5007.9814258627839
 128.33911193683468 0 15.600788050180844 0 0.00062044962593313477 0 0 0.12488460351302887 0 5008.0468414221032
 128.33248937934238 0 15.620819602769311 0 0.00048942811300682198 0 0 0.12495464471766556 0 5008.1098933615267
 128.32630394964212 0 15.637354305448133 0 0.00033038889821177442 0 0 0.12500646414081237 0 5008.1716591137356
 128.32051669086215 0 15.650374183685463 0 0.00015016999812567371 0 0 0.12503726061316559 0 5008.2329876250451
 128.31509609146812 0 15.659833909445464 0 -4.516144791312995e-05 0 0 0.12504417540513971 0 5008.2946502214563
 128.31001109788639 0 15.665665123685079 0 -0.00024997278132710084 0 0 0.12502406192499937 0 5008.3574526149314
 128.30522461520303 0 15.667765152767673 0 -0.00045884189531558554 0 0 0.12497309266521894 0 5008.4223682418442
 128.30068352409464 0 15.665960154433272 0 -0.00066638485096189146 0 0 0.12488594466013193 0 5008.4907784363122
 128.29629505081633 0 15.659896610055046 0 -0.00086713181088344865 0 0 0.124753684419391 0 5008.5650749837723
 128.29183995402579 0 15.648619097583572 0 -0.0010557055383012257 0 0 0.12455594590181267 0 5008.6508952034083
