# Created by Octave 8.3.0, Sun Apr 06 22:11:43 2025 -03 <santi@agc>
# name: x
# type: matrix
# rows: 247
# columns: 10
 129.6992621185704 0 8.8374999801057346 0 0 0 0 0.085486531673089658 0 5000
 129.69926621680062 0 8.854653211220743 0 0.00051147124868472906 0 0 0.085487719197466144 0 5000.0104915834627
 129.69924225498542 0 8.8808813313599195 0 0.0012739122465212133 0 0 0.085493936172177709 0 5000.0260818201077
 129.6991385989956 0 8.9213299661361063 0 0.0024067808403447953 0 0 0.08551316179399826 0 5000.0491374318735
 129.69883085436609 0 8.9844429130694863 0 0.0040815726577583186 0 0 0.085564002874329706 0 5000.0829835162267
 129.6980269157014 0 9.0844349930003983 0 0.0065378851324497155 0 0 0.08568883922542618 0 5000.1321098170411
 129.69599675534027 0 9.2457282311076927 0 0.010087355856984186 0 0 0.085982087291224793 0 5000.2021621592012
 129.69104652501869 0 9.5110006094231814 0 0.015094057172814097 0 0 0.086648641409361321 0 5000.2992786306295
 129.67934521765804 0 9.9545829466611302 0 0.021869549883392091 0 0 0.088117397199679204 0 5000.4278644232127
 129.65236842708416 0 10.700128410083694 0 0.030341417330438096 0 0 0.091233306360998134 0 5000.5854046490085
 129.59655821817026 0 11.851542796515902 0 0.038840405800197701 0 0 0.097064986793595154 0 5000.7457216743715
 129.51751739912149 0 13.129973595396507 0 0.043688231007470942 0 0 0.10456338914798388 0 5000.8554272543297
 129.43676981412372 0 14.225996772452886 0 0.044604758576071005 0 0 0.11171720297392397 0 5000.9155780946803
 129.35954152512107 0 15.153825761154572 0 0.043001479125546978 0 0 0.1183076988051914 0 5000.9536475318646
 129.28849557081671 0 15.934517437016442 0 0.039640570734998867 0 0 0.12430619628054076 0 5000.9850867192881
 129.2268326209514 0 16.569323300111563 0 0.035048282198103194 0 0 0.12960333676718855 0 5001.0194633882193
 129.1771397616215 0 17.058844635734424 0 0.02968115966758891 0 0 0.13410073687551513 0 5001.0634122363626
 129.14078234229771 0 17.409338365669225 0 0.023933546726359556 0 0 0.13775185756533934 0 5001.1213894503471
 129.117959030371 0 17.631918893332653 0 0.018139391793592079 0 0 0.14055635013073217 0 5001.195914305722
 129.10786054290514 0 17.74157212651912 0 0.012573523173684884 0 0 0.14255316986869998 0 5001.2876967550455
 129.10886601532494 0 17.75631510108196 0 0.0074551591683187715 0 0 0.1438140872678941 0 5001.3956176160355
 129.11870026619954 0 17.696845812509771 0 0.0029567218397164403 0 0 0.14443921913133193 0 5001.5163602581079
 129.13439645012446 0 17.587649355029502 0 -0.00077225256762969777 0 0 0.14455878874988731 0 5001.6429466264863
 129.15138212025778 0 17.464513289869672 0 -0.003504537829938877 0 0 0.14436001946217045 0 5001.7581493982343
 129.17594768035437 0 17.282647403430534 0 -0.006366528500837439 0 0 0.14380142894498193 0 5001.9105278321467
 129.21822040001311 0 16.964801248217906 0 -0.0096510709167395049 0 0 0.14243925142698291 0 5002.1606736307403
 129.26893306059972 0 16.580267328032967 0 -0.011896891530760208 0 0 0.14040621861092115 0 5002.4634549117181
 129.31523159438876 0 16.230099855221706 0 -0.012747951627482025 0 0 0.13829211842933278 0 5002.7563886794005
 129.3549379645537 0 15.934110712596842 0 -0.012659469785438637 0 0 0.13633001906320719 0 5003.0296636486182
 129.38952451084103 0 15.683307939471101 0 -0.011953455038498781 0 0 0.13453285571306534 0 5003.292687805043
 129.41976364624847 0 15.473621633665772 0 -0.010803971723790674 0 0 0.13291295717885712 0 5003.5505787173752
 129.44564377069628 0 15.30613110538213 0 -0.0093543239435894352 0 0 0.13150929163204525 0 5003.8020395035501
 129.46728711884123 0 15.180106785776076 0 -0.0077294453349228583 0 0 0.13034456554101426 0 5004.0457591607628
 129.4849309839968 0 15.093176385017188 0 -0.0060369073219617908 0 0 0.12942658911527269 0 5004.2805345217666
 129.49890045853505 0 15.041607221702158 0 -0.0043671237500222289 0 0 0.12875020535717147 0 5004.5052104702363
 129.50958266345324 0 15.020582107383344 0 -0.0027939895153022256 0 0 0.12829923858516668 0 5004.7184681130793
 129.51740314189777 0 15.024381354831394 0 -0.0013767810148855302 0 0 0.12804803501380804 0 5004.9183474381352
 129.52280108355345 0 15.046298768817945 0 -0.0001651381618978751 0 0 0.12796175194669493 0 5005.1010721990715
 129.52618595344279 0 15.077646021797587 0 0.00078427391094510281 0 0 0.12799256096872882 0 5005.2572326624668
 129.52853039195463 0 15.118736334964231 0 0.0016297541902208716 0 0 0.12811227804733399 0 5005.4119507597543
 129.53033154775522 0 15.187519992533868 0 0.0026019509877867803 0 0 0.12840221364471754 0 5005.6218120284439
 129.53081585734435 0 15.306911441495911 0 0.0036249647418349993 0 0 0.12904373734895089 0 5005.929896493416
 129.52987272034176 0 15.432237620756561 0 0.004143063620152718 0 0 0.12983848225437283 0 5006.2307909516448
 129.52892487024454 0 15.53111665054581 0 0.0042336944394354963 0 0 0.1305396809366782 0 5006.4753150611532
 129.52847149684152 0 15.614251503853172 0 0.004091648484791495 0 0 0.13118376778688629 0 5006.7011107573298
 129.52877663860781 0 15.683903069610739 0 0.0037894517791528422 0 0 0.13177221585783053 0 5006.9198343791541
 129.53001672415945 0 15.740226109813561 0 0.0033757466232769971 0 0 0.1322960143238131 0 5007.135561140105
 129.53228202760874 0 15.783272801626454 0 0.0028923018152202189 0 0 0.13274642279806667 0 5007.3497848595871
 129.53558737545208 0 15.813595572455121 0 0.0023749132813984971 0 0 0.13311928188900155 0 5007.5634172814798
 129.53988638322613 0 15.832171063848548 0 0.001853618096630327 0 0 0.13341449625011162 0 5007.7769867684683
 129.54508492179113 0 15.840297739697149 0 0.0013527824875399982 0 0 0.13363534332659549 0 5007.9907239534432
 129.55105331973922 0 15.839492965965889 0 0.00089127185100669102 0 0 0.13378774726015616 0 5008.2045919927668
 129.55763590343193 0 15.831401429245492 0 0.00048277819850669145 0 0 0.13387957775537418 0 5008.4182526913046
 129.56493698659816 0 15.817103924412143 0 0.00012404584211594087 0 0 0.13392074798271117 0 5008.6392373353165
 129.57428316857832 0 15.793982740770415 0 -0.00021986387988578299 0 0 0.13391215960712821 0 5008.9085775093972
 129.58891948511314 0 15.752547447785409 0 -0.00054979428204367979 0 0 0.13381477219290228 0 5009.3192125071837
 129.60071795961309 0 15.717866776967236 0 -0.0006601807358197219 0 0 0.13369415334997725 0 5009.6526944273573
 129.60995647513766 0 15.691584692177139 0 -0.00066179727680354839 0 0 0.1335891985169613 0 5009.9221397167903
 129.61796893242109 0 15.670280573628396 0 -0.00060828464224750426 0 0 0.1334988162917973 0 5010.1656883852547
 129.62543181265926 0 15.652306337544113 0 -0.00051615419884912196 0 0 0.13342102621666319 0 5010.4038899684829
 129.63247330348509 0 15.637538233426355 0 -0.0003949992542001035 0 0 0.13335842821323299 0 5010.6416158554675
 129.63917188750136 0 15.625966742391288 0 -0.00025225663090097037 0 0 0.13331357437655036 0 5010.8824248450628
 129.64559093327631 0 15.617623894991986 0 -9.4259895790590082e-05 0 0 0.13328901300441898 0 5011.1296903002412
 129.65179426111536 0 15.61256803723526 0 7.3245376803018306e-05 0 0 0.13328747919404188 0 5011.3872608669717
 129.65786044596612 0 15.610890975910802 0 0.00024479134962373622 0 0 0.13331223631573161 0 5011.6602758527479
 129.66390630635129 0 15.612754247340657 0 0.00041495488686853275 0 0 0.13336780926010255 0 5011.9567416439877
 129.67014728666484 0 15.618507583477992 0 0.00057815379375721608 0 0 0.13346201070014549 0 5012.2917901820092
 129.67715019434377 0 15.629218511724268 0 0.00072865602585579434 0 0 0.13361448702635645 0 5012.7056113314029
 129.68484802363687 0 15.644606982408551 0 0.00083241381920556151 0 0 0.13383320513377064 0 5013.2056122088607
 129.69151810468009 0 15.658778054360781 0 0.00085965000849459879 0 0 0.13405165930615034 0 5013.6708799798917
 129.69696792291032 0 15.669287984151223 0 0.0008411945047108241 0 0 0.13423657780376655 0 5014.0664837284439
