# Created by Octave 8.3.0, Mon Apr 07 04:54:36 2025 -03 <santi@agc>
# name: x
# type: matrix
# rows: 197
# columns: 10
 129.30760844437839 0 13.399343207609883 0 0 0 0 0.10325525155012411 0 5000
 129.30741503949722 0 13.405053559998242 0 0.00017122868863710014 0 0 0.10325564911686702 0 4999.9999868888362
 129.30710915913269 0 13.413783990727829 0 0.00042637017669539695 0 0 0.10325773008468557 0 4999.9999181556504
 129.30661516933932 0 13.427245474684078 0 0.00080522617305143053 0 0 0.10326416330117839 0 4999.9997051213586
 129.30579613805452 0 13.448243289385143 0 0.0013647432727487046 0 0 0.10328116709357615 0 4999.9991398348366
 129.30439566568862 0 13.481493277170607 0 0.0021840051506485901 0 0 0.10332288583281105 0 4999.997744698604
 129.30192064890269 0 13.535112702513469 0 0.003366977881745465 0 0 0.10342079802200553 0 4999.9944411679407
 129.29740875749749 0 13.623290887105021 0 0.0050355328890339703 0 0 0.10364321304744906 0 4999.9868358364629
 129.28898980250452 0 13.770725921664214 0 0.0072934091657840807 0 0 0.1041331054882827 0 4999.9697413279964
 129.27315844622979 0 14.01850405031014 0 0.010116395280136595 0 0 0.10517210704620465 0 4999.9323441896258
 129.24399286821043 0 14.426065940026154 0 0.013084696251332364 0 0 0.10725354024241937 0 4999.8537027631164
 129.20970308102139 0 14.86067527198068 0 0.01463741309334409 0 0 0.10983245796047213 0 4999.7499986020603
 129.1792983425961 0 15.220052167560493 0 0.014856093282198193 0 0 0.11220307459726285 0 4999.648093463954
 129.15225972132831 0 15.52438304659937 0 0.014264834103526825 0 0 0.11438469742540894 0 4999.5475611566171
 129.12867173227636 0 15.780440484214864 0 0.013103733575051353 0 0 0.1163695331928922 0 4999.4487387314684
 129.10905693321578 0 15.987976618957827 0 0.011545445192662068 0 0 0.11811748604093227 0 4999.3535231447931
 129.09378524814502 0 16.147243963450752 0 0.0097404394600983362 0 0 0.11959670480458802 0 4999.2637785272254
 129.08294405204759 0 16.260410395792825 0 0.0078186650757069119 0 0 0.12079276233349057 0 4999.1808676539367
 129.07636606321401 0 16.331268981980347 0 0.0058899248365501689 0 0 0.12170662906265162 0 4999.1056864886405
 129.07367026826049 0 16.364899211440289 0 0.0040442832025146605 0 0 0.12235230096491112 0 4999.0387341354008
 129.07430174333592 0 16.367385505857754 0 0.0023533430355219937 0 0 0.12275460466946499 0 4998.9802167376329
 129.07755204574809 0 16.345715954213315 0 0.0008734372762049978 0 0 0.1229477608794063 0 4998.9302185381284
 129.08251218072488 0 16.308221591474584 0 -0.00034559461795684462 0 0 0.12297625834941972 0 4998.8890867482633
 129.08797037322697 0 16.26545941913918 0 -0.0012590344274855286 0 0 0.12290033214262909 0 4998.8576539635887
 129.09610721808366 0 16.200749274711018 0 -0.0022343323538459798 0 0 0.12269322184288035 0 4998.8224388523167
 129.1101903694076 0 16.088195756682879 0 -0.003329079273616321 0 0 0.12219746240376608 0 4998.777384966168
 129.12902824268139 0 15.938914196246973 0 -0.0040838823083723446 0 0 0.12138456946673029 0 4998.732221596315
 129.14412751928907 0 15.821844682233017 0 -0.0042578377234556899 0 0 0.12065544059277146 0 4998.7019523767758
 129.15653246276548 0 15.728614147660869 0 -0.0041450478583121243 0 0 0.12002079586762046 0 4998.6783500330876
 129.16746761113308 0 15.649815616138907 0 -0.0038499794946257127 0 0 0.11944235160217716 0 4998.6568572195338
 129.17701590330671 0 15.58492369635923 0 -0.0034251765443092425 0 0 0.11892849914394009 0 4998.6360704863573
 129.18514877888174 0 15.534067885360555 0 -0.0029160800122092728 0 0 0.11849019652705906 0 4998.6152408523458
 129.19189041347613 0 15.496793216864743 0 -0.002362232682048917 0 0 0.11813313941812813 0 4998.5938801242055
 129.19731167308163 0 15.472130277122886 0 -0.0017974251791923403 0 0 0.11785826817178591 0 4998.5717251730139
 129.20152035016008 0 15.458691319896859 0 -0.0012497888942949646 0 0 0.11766242516196017 0 4998.5487280651387
 129.20465097821878 0 15.454753849305593 0 -0.00074213942274197939 0 0 0.11753896816987329 0 4998.5250734160863
 129.20685482851334 0 15.458297072959201 0 -0.00029290488097659915 0 0 0.11747816371374122 0 4998.5012541375409
 129.20841077803661 0 15.468055618324978 0 0.00011806709468330641 0 0 0.11746799566713576 0 4998.4758651326256
 129.2094734669553 0 15.48498618482239 0 0.00051726527286599937 0 0 0.11751075320264574 0 4998.4459778722967
 129.21000110928247 0 15.511542260465436 0 0.00090273345915454703 0 0 0.1176251704795989 0 4998.4082799871458
 129.20979490355924 0 15.55854799485703 0 0.0012821214385214464 0 0 0.11788999370034355 0 4998.3488513941165
 129.20920003184554 0 15.598597674088015 0 0.0014223503278043485 0 0 0.11815584153604286 0 4998.2987319849572
 129.20870170651847 0 15.630703863179848 0 0.0014363846318941956 0 0 0.11839258185693209 0 4998.2559115032991
 129.20841259753331 0 15.657670899615063 0 0.001377664097871977 0 0 0.11860982971308739 0 4998.2159935234604
 129.20840293705291 0 15.680164108327972 0 0.0012681532064567971 0 0 0.11880809937758871 0 4998.1776011608836
 129.20872154819884 0 15.698150974971016 0 0.0011238077740294034 0 0 0.11898383742663642 0 4998.140574062073
 129.20939017375929 0 15.711680978146594 0 0.00095834418545021277 0 0 0.11913440019560258 0 4998.1049361516061
 129.2104075339544 0 15.720967550947325 0 0.00078346803724182318 0 0 0.1192586589319387 0 4998.0707151911756
 129.2117757767347 0 15.72641073818513 0 0.00060648037590386181 0 0 0.11935803310140547 0 4998.0374603530263
 129.21357720221496 0 15.728331574472991 0 0.00042659584104639875 0 0 0.11943621715738237 0 4998.0034562523188
 129.21588879537123 0 15.726558960055817 0 0.00024942501781422791 0 0 0.11949163854407621 0 4997.9680104947947
 129.21885776695257 0 15.720713762070467 0 8.0852669194737158e-05 0 0 0.1195220412087722 0 4997.9297381231736
 129.2228972616962 0 15.709590304988408 0 -7.2788295160851498e-05 0 0 0.11952232930180645 0 4997.8846945088317
 129.22795559879251 0 15.693609689970451 0 -0.00017222334251664997 0 0 0.11948729310033875 0 4997.8339073950692
 129.23232442660918 0 15.679698779931268 0 -0.00018957623463597371 0 0 0.11944271927201613 0 4997.7918629730075
 129.23586843991458 0 15.669252935953665 0 -0.00016237706078210497 0 0 0.11940577776122493 0 4997.757338976211
 129.23900293626991 0 15.661246808791098 0 -0.00011004060890974157 0 0 0.11937848393245062 0 4997.7253997300368
 129.24184566692432 0 15.655500781801463 0 -4.1585660118246919e-05 0 0 0.11936330360296718 0 4997.6943542504641
 129.24445560655136 0 15.651994217609202 0 3.641394192272995e-05 0 0 0.11936275195239283 0 4997.6631643411501
 129.24688297992634 0 15.65075440304552 0 0.00011827282594710762 0 0 0.11937965381927743 0 4997.6308412435901
 129.24919505343621 0 15.651863046235135 0 0.00019850141821627722 0 0 0.11941799819522463 0 4997.5960123852492
 129.25153358084691 0 15.65559069497059 0 0.00027112468005500724 0 0 0.11948604893372539 0 4997.5557444569058
 129.25443840910083 0 15.663282789154254 0 0.00032514416474601715 0 0 0.11961616474374352 0 4997.4985806620552
 129.25650668590444 0 15.66931643499907 0 0.00032571517770420722 0 0 0.11973249880392983 0 4997.4549266796603
 129.25815373257987 0 15.673111734762017 0 0.00030513437892942217 0 0 0.11982804378600995 0 4997.4206152113848
 129.25973551647215 0 15.675320812899406 0 0.00027555546916823429 0 0 0.11991540410218902 0 4997.3892376515278
 129.26136445789695 0 15.676042148008589 0 0.0002433226119861833 0 0 0.11999878204185711 0 4997.3588534743003
 129.26313158040287 0 15.675282427222305 0 0.00021420667136534297 0 0 0.12008414492016914 0 4997.3277102784768
 129.26530579567256 0 15.672778347354742 0 0.00019642596669647937 0 0 0.12019587787821824 0 4997.2901716354563
 129.26676975416152 0 15.670541251717685 0 0.00020365906100620505 0 0 0.12030264473198604 0 4997.2624456361027
 129.26740198390863 0 15.669632396907524 0 0.0002189640899368783 0 0 0.12039801109476583 0 4997.2457734444606
