# Created by Octave 8.3.0, Mon Apr 14 20:47:01 2025 -03 <santi@agc>
# name: x
# type: matrix
# rows: 197
# columns: 10
 128.76120740899907 0 17.903951144278818 0 0 0 0 0.13816183659001069 0 5000
 128.7615989290673 0 17.898251021936236 0 -0.00017123428565449217 0 0 0.13816143900987873 0 5000.0000131108391
 128.76220675388751 0 17.889536644910514 0 -0.00042638042428356615 0 0 0.13815935798556836 0 5000.0000818416138
 128.76316405898459 0 17.87610081826638 0 -0.00080523508424202466 0 0 0.13815292466460807 0 5000.0002948647443
 128.76470031714743 0 17.855144975370283 0 -0.0013647318793566995 0 0 0.13813592087713045 0 5000.0008601067748
 128.76722283353908 0 17.821965568961819 0 -0.0021839235721667046 0 0 0.13809420318343837 0 5000.0022550778449
 128.77147182302298 0 17.768468378502433 0 -0.0033667069342715374 0 0 0.13799629706141231 0 5000.0055580202607
 128.77880554857967 0 17.680507474988303 0 -0.0050348084145077241 0 0 0.13777390792808664 0 5000.0131613168778
 128.79167639676095 0 17.533464080042634 0 -0.0072916971813780582 0 0 0.13728411106445909 0 5000.0302489761889
 128.81423615521663 0 17.286382695363844 0 -0.010112784500693752 0 0 0.13624542472707041 0 5000.0676238810793
 128.85240392332111 0 16.879979220629082 0 -0.013078238467965492 0 0 0.13416489555590561 0 5000.1461974923404
 128.89344934781172 0 16.446617085064855 0 -0.014629134965836073 0 0 0.13158795085246819 0 5000.2497613081741
 128.92725828074035 0 16.087912601592979 0 -0.014848442789294231 0 0 0.12921765058760831 0 5000.3515781655842
 128.95563161909158 0 15.783897067383226 0 -0.014258513401840504 0 0 0.12703521399911186 0 5000.4520624907727
 128.97923912779885 0 15.527937329078034 0 -0.013098928235103715 0 0 0.12504894018326826 0 5000.5508619158809
 128.99812890565937 0 15.320358828950239 0 -0.011542090041819528 0 0 0.12329918357688018 0 5000.6460743728594
 129.0123935047549 0 15.160977279042292 0 -0.0097383431477907571 0 0 0.12181805371824907 0 5000.735829035053
 129.02228038431832 0 15.047677560752909 0 -0.0078175930968000362 0 0 0.12062018860775972 0 5000.8187564547488
 129.02815865456049 0 14.976701833510166 0 -0.0058896517664676776 0 0 0.11970476825311602 0 5000.8939547676637
 129.03049283866775 0 14.942989097014168 0 -0.0040446187358786859 0 0 0.11905788337572133 0 5000.9609203167465
 129.02982962930446 0 14.940459712303014 0 -0.0023541374781478729 0 0 0.11865473592421391 0 5001.0194440747482
 129.0268075123218 0 14.962120880158141 0 -0.00087457084594788192 0 0 0.11846108665985682 0 5001.0694408073059
 129.02222847335048 0 14.999632176061514 0 0.00034424336943974935 0 0 0.11843239448789349 0 5001.1105648557686
 129.01718063207156 0 15.04241280761638 0 0.0012573600383674107 0 0 0.11850831431061468 0 5001.1419791444678
 129.00961736120175 0 15.107109733091269 0 0.0022318118756460359 0 0 0.11871541897221506 0 5001.1771447270867
 128.99637982602786 0 15.21963126224267 0 0.0033259471806718556 0 0 0.11921125565435126 0 5001.2221216723292
 128.97832087612326 0 15.369184013171406 0 0.0040819675486375934 0 0 0.1200263484173462 0 5001.2672728416837
 128.96359108369973 0 15.486436293385729 0 0.0042557907173163823 0 0 0.12075759111901964 0 5001.2975050488585
 128.95134781012888 0 15.579643092924851 0 0.0041426078785987228 0 0 0.12139309081886795 0 5001.3210314329835
 128.94044599188609 0 15.658397647989029 0 0.0038473313143503442 0 0 0.12197224337624202 0 5001.3424504470295
 128.93085440454874 0 15.723233957569045 0 0.0034224900778219592 0 0 0.12248666524125874 0 5001.3631650939269
 128.92264327021414 0 15.774031117302249 0 0.0029135044537449413 0 0 0.12292540735242515 0 5001.3839248621753
 128.91581997739536 0 15.811250820797678 0 0.002359888844048994 0 0 0.1232827857637354 0 5001.4052182343094
 128.91033399103063 0 15.835867126543114 0 0.0017954015126109793 0 0 0.12355787331666332 0 5001.4273084895094
 128.90608736497708 0 15.849270397340232 0 0.0012481410739078325 0 0 0.12375384144003712 0 5001.4502436343382
 128.90294690435925 0 15.853184021558475 0 0.00074089297538027714 0 0 0.12387734684645342 0 5001.4738390996899
 128.9007566380123 0 15.849628434761291 0 0.00029206052396673775 0 0 0.12393813941877262 0 5001.497602038783
 128.89923212464896 0 15.839861389585721 0 -0.00011870111357191601 0 0 0.12394824264140021 0 5001.5229465979419
 128.89821971928995 0 15.82292513006993 0 -0.00051767181936034274 0 0 0.12390531235873838 0 5001.5527878200992
 128.89776142899373 0 15.796364228962602 0 -0.0009028976842515448 0 0 0.12379055334986629 0 5001.5904379074282
 128.89806267224259 0 15.749363436259829 0 -0.0012818689896512525 0 0 0.12352505654070575 0 5001.649794738767
 128.89871013985021 0 15.709350119191651 0 -0.0014217402581386397 0 0 0.12325875804996317 0 5001.6998248123919
 128.89923221967797 0 15.677267552603331 0 -0.0014356289206185965 0 0 0.12302157724962752 0 5001.7425799441189
 128.89952853568013 0 15.650320122983697 0 -0.0013768504728651561 0 0 0.12280391558377646 0 5001.7824385218637
 128.89953517015297 0 15.62784380253407 0 -0.0012673382400976792 0 0 0.12260526055741854 0 5001.8207733143172
 128.89920804166778 0 15.609872061145921 0 -0.0011230361609831838 0 0 0.12242917950739368 0 5001.8577421635273
 128.8985292009184 0 15.596355422594929 0 -0.00095764991135866028 0 0 0.12227832136912997 0 5001.8933204835785
 128.89750260461824 0 15.587080475322786 0 -0.00078287538244378133 0 0 0.12215381727005462 0 5001.9274800972162
 128.89612721503616 0 15.58164646786105 0 -0.00060596459821453668 0 0 0.12205422406571538 0 5001.9606785435099
 128.89432149405056 0 15.579735338279047 0 -0.00042617290621508935 0 0 0.12197587073491473 0 5001.9946199829456
 128.89200888902312 0 15.581518345757214 0 -0.00024911214011935493 0 0 0.12192033420923384 0 5002.0299947211342
 128.8890420319716 0 15.587375157972044 0 -8.0669654063638763e-05 0 0 0.12188987682277697 0 5002.0681845955032
 128.8850064537726 0 15.598514721837947 0 7.2815692198244849e-05 0 0 0.12188961285849548 0 5002.1131308001295
 128.87995323395404 0 15.614507923442584 0 0.00017198036972914193 0 0 0.12192474988581338 0 5002.163783731763
 128.87559333691846 0 15.628403333545991 0 0.00018908451338397152 0 0 0.12196933970523044 0 5002.2056438137324
 128.87205373910302 0 15.638838840118067 0 0.00016176200244472772 0 0 0.12200627485900895 0 5002.2400243996999
 128.86892242217399 0 15.64683511786332 0 0.00010935187050790043 0 0 0.12203352530727123 0 5002.2718284213661
 128.866082883454 0 15.652571079883431 0 4.0858098155938124e-05 0 0 0.12204861461031746 0 5002.3027380458152
 128.86347690329345 0 15.656067359323508 0 -3.7150993508629242e-05 0 0 0.12204901714651724 0 5002.3337868619628
 128.86105478760066 0 15.657296714022836 0 -0.0001189923317317203 0 0 0.12203189391549377 0 5002.3659592526074
 128.85874965311322 0 15.656177267857151 0 -0.00019917634839639189 0 0 0.12199323023478538 0 5002.400622080002
 128.85642001594573 0 15.652437075641302 0 -0.00027172398263998249 0 0 0.12192468963647322 0 5002.4407008951757
 128.85353081830911 0 15.644735362720349 0 -0.00032552184033056664 0 0 0.12179377830446471 0 5002.497549235829
 128.85148139392589 0 15.638718487438055 0 -0.00032592599596568527 0 0 0.1216771125143053 0 5002.5408085519721
 128.84984874878899 0 15.634933129983672 0 -0.00030528763381087846 0 0 0.12158119826454512 0 5002.5748185697994
 128.84828188073206 0 15.632733286987378 0 -0.00027568764742253859 0 0 0.12149346695273444 0 5002.6058951221112
 128.84667025725145 0 15.63202137704468 0 -0.00024346152412192416 0 0 0.12140970167517805 0 5002.6359487073623
 128.84492523508021 0 15.632791225384633 0 -0.00021438029082661395 0 0 0.12132387641023853 0 5002.6666976132356
 128.84278513277738 0 15.635311209034189 0 -0.00019669529921855389 0 0 0.12121119059526583 0 5002.7036868462428
 128.84137334371948 0 15.637539375471897 0 -0.0002040089097632114 0 0 0.1211041747558476 0 5002.7306101634367
 128.84078528013595 0 15.638444626572474 0 -0.00021929908982268402 0 0 0.1210083183725513 0 5002.7466479726127
