# Created by Octave 8.3.0, Wed Apr 09 22:23:00 2025 -03 <santi@agc>
# name: x
# type: matrix
# rows: 188
# columns: 10
 139.01088025475784 0 16.612500437844226 0 0 0 0 0.11894096112593078 0 5000
 139.01120870894448 0 16.6058870547357 0 -0.00019854703924213646 0 0 0.11894050011364052 0 5000.0000151841314
 139.0117237262015 0 16.595761516997584 0 -0.00049423804209342698 0 0 0.11893808763034398 0 5000.0000947750204
 139.01254575047338 0 16.580117887326448 0 -0.00093294591343752388 0 0 0.11893063257114536 0 5000.000341411228
 139.01388759091509 0 16.555651516626568 0 -0.0015800228120866886 0 0 0.1189109403716026 0 5000.0009956449694
 139.01613645190983 0 16.516779471379444 0 -0.0025255397868468596 0 0 0.11886267339332096 0 5000.0026094458017
 139.02001142448069 0 16.453852163818262 0 -0.0038861751580753258 0 0 0.11874957051548828 0 5000.006427391625
 139.0268526869493 0 16.349974023618451 0 -0.0057940972567610098 0 0 0.11849330258115309 0 5000.015203857577
 139.03909417492727 0 16.175844549787218 0 -0.0083483418791480031 0 0 0.11793124109426627 0 5000.0348789601212
 139.06081389193312 0 15.883441526084653 0 -0.011473546266513646 0 0 0.11674790425883018 0 5000.0777174037239
 139.09756088481333 0 15.406302818257346 0 -0.014589218263081747 0 0 0.11440849268525335 0 5000.1670097053393
 139.13245882323494 0 14.95864276773813 0 -0.015892220020268424 0 0 0.11187970835908938 0 5000.2699562912694
 139.16160577396883 0 14.583929533865726 0 -0.015924449309288664 0 0 0.10954442022461447 0 5000.3716181165901
 139.1861050671175 0 14.266899739393274 0 -0.01515048881623381 0 0 0.10740273687129079 0 5000.4717139021832
 139.20651604920297 0 14.000844506136385 0 -0.013800970971785266 0 0 0.10546005008229016 0 5000.5700585429877
 139.22279994957981 0 13.787136309020779 0 -0.012057229098371296 0 0 0.10376216581843467 0 5000.6644410740173
 139.23506148666931 0 13.625150696346106 0 -0.010076958543621707 0 0 0.1023376162132054 0 5000.753091096125
 139.24353227471349 0 13.512220791651702 0 -0.0079959117437227428 0 0 0.10119772268841605 0 5000.8347377895261
 139.2485411142867 0 13.443978964786567 0 -0.0059282181327906976 0 0 0.10033879252844573 0 5000.9085645473306
 139.25049432658906 0 13.414717955478265 0 -0.0039669366926735356 0 0 0.099744486018338324 0 5000.9741327678157
 139.24986956615288 0 13.41767114668605 0 -0.0021857276267222081 0 0 0.099387917488834923 0 5001.0312672884584
 139.24723354356288 0 13.445053257410525 0 -0.00064302920871172372 0 0 0.099232802641996284 0 5001.0798574198143
 139.24332993886964 0 13.487338799309075 0 0.00060568008363093176 0 0 0.099231604231429973 0 5001.119364754999
 139.23889978512892 0 13.535466129698001 0 0.0015655787667454373 0 0 0.099327060626478544 0 5001.150516463842
 139.23159307987589 0 13.614015477265045 0 0.0026637713316595736 0 0 0.099580901751449583 0 5001.1883507625944
 139.2186480490154 0 13.749476434047166 0 0.0038411156256695674 0 0 0.10016788397883104 0 5001.2363167317126
 139.20386406557918 0 13.89758158031057 0 0.0044846447409513631 0 0 0.10094258242943827 0 5001.2771108882907
 139.19154070261791 0 14.01495845466663 0 0.0046190089758331929 0 0 0.10163314523072085 0 5001.3058130940535
 139.18052402134035 0 14.114378265920234 0 0.0044764255297402994 0 0 0.10226955618328794 0 5001.3300624680214
 139.17061167983164 0 14.198384119381654 0 0.0041423028270645961 0 0 0.10284954886209906 0 5001.352434816511
 139.16182861355566 0 14.267250216773698 0 0.0036726007984025726 0 0 0.10336311948034382 0 5001.3742325608109
 139.15425077709293 0 14.320905793824036 0 0.0031159407460823675 0 0 0.10379978253234386 0 5001.3961850530386
 139.14789566112029 0 14.359905334473023 0 0.0025145411094012974 0 0 0.10415429561381587 0 5001.4187622261252
 139.1427271931378 0 14.385347791702387 0 0.0019043644472814686 0 0 0.10442612411370596 0 5001.4422084750104
 139.13866551440799 0 14.398772095626063 0 0.0013152341564731961 0 0 0.10461877331219924 0 5001.4665507871196
 139.13559846819624 0 14.402068359726172 0 0.00077123265356533472 0 0 0.10473917200426835 0 5001.4915776772432
 139.13339392114753 0 14.397443458108203 0 0.00029174858167521682 0 0 0.10479728857460378 0 5001.5167535120845
 139.13180259556154 0 14.386421377176841 0 -0.00013935654110038394 0 0 0.10480537708518678 0 5001.5431753304529
 139.13062593774046 0 14.367858220415137 0 -0.00055822966543864921 0 0 0.10476219730626106 0 5001.57431641115
 139.12988102357301 0 14.338977741814347 0 -0.00096370185704298332 0 0 0.10464869919949185 0 5001.6137965351909
 139.12966147875352 0 14.288295821016682 0 -0.0013596552627064137 0 0 0.10438805445014136 0 5001.6760234801595
 139.12985869277264 0 14.245935600647304 0 -0.0015016460295233147 0 0 0.1041314608984899 0 5001.7277939439091
 139.13002325027048 0 14.211709814588176 0 -0.0015134660559983847 0 0 0.10390151539139067 0 5001.772512692808
 139.13002368075337 0 14.182917964538692 0 -0.0014487764396854527 0 0 0.10369054424944533 0 5001.8143729013127
 139.12978737223091 0 14.158873393587367 0 -0.0013304018108907132 0 0 0.10349826913631018 0 5001.8547843354991
 139.12926929769026 0 14.139632390427746 0 -0.0011752349825117031 0 0 0.10332838333260141 0 5001.8938808518269
 139.12844976713322 0 14.125140165625215 0 -0.00099783396388243898 0 0 0.10318350103273939 0 5001.9316313632389
 139.12732952391059 0 14.115164521970964 0 -0.00081064091994558711 0 0 0.10306472035192668 0 5001.9679971286432
 139.1259243875711 0 14.109323982659403 0 -0.00062390469794058856 0 0 0.10297175996337879 0 5002.0029755909718
 139.12413597382968 0 14.10710438775865 0 -0.00043384804258174534 0 0 0.10289935194208014 0 5002.0388969075875
 139.12189140226801 0 14.10867531410071 0 -0.00024606537978715979 0 0 0.10284912281182576 0 5002.0764815384136
 139.11905602651996 0 14.114396528299178 0 -6.6366913222355912e-05 0 0 0.10282341134811565 0 5002.1171249857316
 139.11528214951832 0 14.125326700098519 0 9.9085502996752408e-05 0 0 0.10282725608137597 0 5002.1645086856643
 139.10930477548476 0 14.14552500959106 0 0.00023222327387998612 0 0 0.10287927236326676 0 5002.2318910420599
 139.10453441322829 0 14.161623679269328 0 0.00024777813980136237 0 0 0.10293827087008653 0 5002.2831782927542
 139.10088223742341 0 14.172738627877774 0 0.0002139751972212815 0 0 0.1029833869811702 0 5002.3229173922045
 139.0976949751072 0 14.180933305513607 0 0.00015648378700399294 0 0 0.10301692948852255 0 5002.3590082668397
 139.09473030425718 0 14.186806055039918 0 8.3246628387477505e-05 0 0 0.10303868790015493 0 5002.3945944327852
 139.09192831979624 0 14.190371604748176 0 6.7722855890085733e-07 0 0 0.10304653926667906 0 5002.4307931256071
 139.08923133851729 0 14.191596989641074 0 -8.5575538579789077e-05 0 0 0.10303805572609982 0 5002.4687467859039
 139.08655394994526 0 14.190392183342052 0 -0.00017002033187105993 0 0 0.10300981678830137 0 5002.5101332286549
 139.08370700263276 0 14.186467426959641 0 -0.00024668001124107165 0 0 0.10295480256491839 0 5002.5586239149843
 139.07992868426228 0 14.178354564875367 0 -0.00030489797313159412 0 0 0.10284511119576469 0 5002.6290730621949
 139.07705958984178 0 14.17188002493717 0 -0.00030702298448931104 0 0 0.10274495177117259 0 5002.6848423723968
 139.07471529290072 0 14.167749293845709 0 -0.00028641220984342638 0 0 0.10266319620152783 0 5002.729784926948
 139.07242442078513 0 14.165254100991076 0 -0.0002559515255729553 0 0 0.10258938373226983 0 5002.7721108932792
 139.07001967758089 0 14.164288401453474 0 -0.00022216073621542771 0 0 0.1025204500775632 0 5002.8145563968328
 139.06733152555748 0 14.164839082082198 0 -0.00019083698524380801 0 0 0.10245247469081188 0 5002.8599227243149
 139.06388081187728 0 14.167073427304798 0 -0.00016950507737960709 0 0 0.10237195920459385 0 5002.9163065520706
 139.06018792529858 0 14.169844899712849 0 -0.00017459966544916482 0 0 0.10227785882782399 0 5002.9770428517968
 139.05776466073806 0 14.170970011144545 0 -0.00019252732881665609 0 0 0.102197091180139 0 5003.0192671671002
