# Created by Octave 8.3.0, Mon Apr 07 08:05:31 2025 -03 <santi@agc>
# name: x
# type: matrix
# rows: 24
# columns: 10
 129.05406348564497 0 15.654031360742593 0 0 0 0 0.12070854407006741 0 5000
 129.05406324687507 0 15.654031365246732 0 -5.3202340495170679e-11 0 0 0.12070854406553755 0 4999.999999996573
 129.0540628899916 0 15.654031372677576 0 -3.1531290183044038e-10 0 0 0.12070854401162656 0 4999.9999999775027
 129.05406235962127 0 15.65403137197724 0 -1.0103658673313585e-09 0 0 0.12070854371174079 0 4999.9999999124457
 129.05406157940646 0 15.654031328433069 0 -2.2970175648117835e-09 0 0 0.12070854256978099 0 4999.9999997120858
 129.05406044810286 0 15.654031203585344 0 -3.8494166330580472e-09 0 0 0.12070853935366754 0 4999.9999990902916
 129.05405884659487 0 15.654031038209817 0 -5.2475180922194328e-09 0 0 0.1207085322618848 0 4999.9999970962972
 129.05405672509286 0 15.654030869981327 0 -7.3545935484282549e-09 0 0 0.12070851760815124 0 4999.9999907019837
 129.05405438635864 0 15.654030645209586 0 -9.8155343251432917e-09 0 0 0.12070848734357992 0 4999.9999707075312
 129.05405314930584 0 15.654030502135329 0 -1.0889605818482112e-08 0 0 0.12070843242527218 0 4999.9999113912236
 129.05405619759122 0 15.654030683728974 0 -7.0832100608869182e-09 0 0 0.12070835978803723 0 4999.9997562237049
 129.05406543598826 0 15.654031379150151 0 4.3309543742758215e-09 0 0 0.12070834362139676 0 4999.9994524872118
 129.05406684003083 0 15.654031483794794 0 8.5861111843383598e-09 0 0 0.12070847786390777 0 4999.9991474510871
 129.0540494293063 0 15.654029964289609 0 -7.8002190930505884e-09 0 0 0.12070847305083433 0 4999.998969384812
 129.05405723233611 0 15.654030400268393 0 4.6915456878273961e-09 0 0 0.12070838788110481 0 4999.9982583224582
 129.05404365004654 0 15.654029094347795 0 -3.397901889159709e-09 0 0 0.12070845960042759 0 4999.9975091701072
 129.05404310365216 0 15.654028795635831 0 2.3475455186548953e-09 0 0 0.12070842400262419 0 4999.9965924625994
 129.05403356618945 0 15.65402779112261 0 -1.5582037421858979e-09 0 0 0.12070843969019765 0 4999.9957905060101
 129.05402998093345 0 15.654027259696159 0 9.9871508221129081e-10 0 0 0.1207084342514175 0 4999.9949113548801
 129.05402258980243 0 15.654026422373713 0 -6.1944009125727759e-10 0 0 0.12070843484598502 0 4999.9940822781491
 129.05401755374581 0 15.654025776391132 0 3.717633695793955e-10 0 0 0.12070843621777921 0 4999.9932217835767
 129.05401110770109 0 15.654025014571809 0 -2.1537680374831099e-10 0 0 0.12070843431164638 0 4999.9923803682932
 129.0540054763045 0 15.654024320507254 0 1.1979502058442149e-10 0 0 0.12070843611211324 0 4999.9915277560758
 129.05400534043096 0 15.654024304586354 0 1.0694764144607956e-10 0 0 0.12070843625402669 0 4999.9915102161613


# name: t
# type: matrix
# rows: 24
# columns: 1
 0
 0.20456808031667534
 0.51142020079168837
 0.97169838150420773
 1.662115652572987
 2.6977415591761558
 4.2511804190809093
 6.5813387089380395
 10.076576143723734
 15.319432295902278
 23.183716524170094
 34.980142866571818
 52.674782380174399
 79.216741650578285
 119.0296805561841
 178.74908891459282
 238.74908891459282
 298.74908891459285
 358.74908891459285
 418.74908891459285
 478.74908891459285
 538.74908891459279
 598.74908891459279
 600


