# Created by Octave 8.3.0, Mon Apr 07 04:53:48 2025 -03 <santi@agc>
# name: x
# type: matrix
# rows: 216
# columns: 10
 129.30392644790697 0 13.434828065675653 0 0 0 0 0.086076384978410941 0 5000
 129.30373136764814 0 13.440524498237405 0 0.00017122966812572297 0 0 0.086076782547181777 0 4999.9894560104985
 129.30342292995326 0 13.449234028130867 0 0.0004263749301186945 0 0 0.08607886353413409 0 4999.9735910272402
 129.30292500559199 0 13.462664122554841 0 0.00080524174017889967 0 0 0.086085296853978782 0 4999.949683769416
 129.30209985412552 0 13.483614797345977 0 0.001364786538855624 0 0 0.086102301098007691 0 4999.9135774880542
 129.30068972196165 0 13.51679405058518 0 0.0021841153790754428 0 0 0.086144021610263549 0 4999.8588716233062
 129.2981991762542 0 13.570307644534942 0 0.0033672442317678334 0 0 0.086241940337000611 0 4999.7756037091076
 129.29366178757923 0 13.658328723488305 0 0.0050361531165821205 0 0 0.086464378484353926 0 4999.648055610769
 129.28520008005418 0 13.805534933803118 0 0.0072948085027264228 0 0 0.086954350053747326 0 4999.451055370615
 129.26929595461635 0 14.052994041841018 0 0.010119442732720002 0 0 0.087993613506021473 0 4999.1438179995694
 129.24000660666263 0 14.460152990062525 0 0.01309100511083857 0 0 0.090075876005129354 0 4998.6604556020357
 129.20554484720236 0 14.894843577812617 0 0.014648415151860193 0 0 0.09265875839072267 0 4998.1362315225088
 129.17499963132678 0 15.254204171911248 0 0.014869431860536011 0 0 0.095032580274628894 0 4997.6705404666372
 129.14783749150618 0 15.558506282107331 0 0.014279674740115465 0 0 0.097217220396914536 0 4997.2307663884631
 129.12413956170013 0 15.814521718927375 0 0.013119642300438036 0 0 0.099204954190151157 0 4996.8034646894648
 129.10442671154544 0 16.022012951311087 0 0.011562092311664855 0 0 0.1009557984284708 0 4996.3869821413064
 129.08906870421882 0 16.181226776556723 0 0.0097575687560045067 0 0 0.10243789178505693 0 4995.9823273528973
 129.07815234938923 0 16.294325055379129 0 0.0078360760149838102 0 0 0.10363679440116824 0 4995.590653167551
 129.07150953261566 0 16.365094583961163 0 0.0059074546316213051 0 0 0.10455345924175687 0 4995.2131660944124
 129.06875840955294 0 16.398607702252054 0 0.0040617810274829911 0 0 0.10520185279223813 0 4994.8512838195265
 129.06934367095019 0 16.400939296332023 0 0.0023706238285564293 0 0 0.10560674640000019 0 4994.5070796418258
 129.07255780177013 0 16.379061883996485 0 0.00089018069581897358 0 0 0.10580225034941659 0 4994.1843653211417
 129.07749632781204 0 16.341274022878906 0 -0.00033013542417069776 0 0 0.10583261104441558 0 4993.8918156544978
 129.08292957809493 0 16.298299333887119 0 -0.0012422572560190684 0 0 0.10575812035663376 0 4993.6472576154974
 129.09100146550719 0 16.233568927993783 0 -0.002212225132930117 0 0 0.10555381774513846 0 4993.3457181088788
 129.10496527923479 0 16.121089463313506 0 -0.0033004565579507852 0 0 0.10506378413363841 0 4992.9012480261263
 129.12357097250489 0 15.972402456461197 0 -0.0040483449891195048 0 0 0.10426230352589215 0 4992.3664909611653
 129.1384674839893 0 15.855745537442246 0 -0.0042207548670422498 0 0 0.10354344216701318 0 4991.9446671657806
 129.15072065927345 0 15.762524120199021 0 -0.0041081995786399293 0 0 0.10291624116638973 0 4991.5814986004489
 129.16150116033214 0 15.683653782873522 0 -0.0038137546903832167 0 0 0.10234489640439164 0 4991.2347562573386
 129.17088874802482 0 15.618614709879884 0 -0.0033897476426395044 0 0 0.101837882395112 0 4990.8965772211077
 129.1788541024635 0 15.567542169838585 0 -0.002881483575536446 0 0 0.10140614554924166 0 4990.5653409306206
 129.18542116522573 0 15.529986556144655 0 -0.0023284294238950396 0 0 0.10105536357211008 0 4990.2404461354718
 129.19066109724301 0 15.50498249574693 0 -0.001764356781213638 0 0 0.10078644613802683 0 4989.9221190933522
 129.19468266312572 0 15.491143521620138 0 -0.0012174443945026775 0 0 0.10059617841928915 0 4989.6115088343895
 129.19762239196632 0 15.486743257780095 0 -0.00071065351321867502 0 0 0.10047780970619878 0 4989.3110891529868
 129.19963534420458 0 15.489747211431574 0 -0.00026274833339730281 0 0 0.10042139806188267 0 4989.0257155306235
 129.20100426421624 0 15.498950243758209 0 0.00015101374015274533 0 0 0.10041502904183926 0 4988.7342377678306
 129.20184173304787 0 15.515219996864023 0 0.00055343543234012997 0 0 0.10046189640646917 0 4988.407705462856
 129.2020800964456 0 15.540801287859971 0 0.0009423097652448342 0 0 0.10058017436273094 0 4988.0171300655065
 129.20139852005659 0 15.5864891174135 0 0.0013334291537028767 0 0 0.1008508572977717 0 4987.4288292461488
 129.20029448524014 0 15.628100522086761 0 0.0014927056773742814 0 0 0.10114017148850418 0 4986.9190871678575
 129.19934197038987 0 15.660939585157051 0 0.001513340945654559 0 0 0.10139461145277115 0 4986.4964408245451
 129.19861327053999 0 15.688407615183879 0 0.0014571646926898772 0 0 0.10162814803152638 0 4986.1038442363906
 129.19816658834552 0 15.711228764946119 0 0.0013479662826900757 0 0 0.10184190086959755 0 4985.7237660377559
 129.19804955334905 0 15.729407456962068 0 0.0012023977022949644 0 0 0.10203261731039269 0 4985.3515157973425
 129.19828538858366 0 15.742988719996251 0 0.0010346882844647584 0 0 0.10219758975451658 0 4984.9853713958737
 129.19887450792763 0 15.752181624147784 0 0.00085694373724979039 0 0 0.10233564103076331 0 4984.6241093461931
 129.19979975938227 0 15.75732937669415 0 0.00067923034059732537 0 0 0.10244694045151181 0 4984.266619352702
 129.2011046992053 0 15.758861895748877 0 0.00050103019107379152 0 0 0.10253662887830998 0 4983.8928972242556
 129.20285631729553 0 15.756670468902962 0 0.00032609254514155331 0 0 0.10260489959846499 0 4983.4881165112693
 129.20516853221281 0 15.750339224110096 0 0.00016044645758387928 0 0 0.10265029830545218 0 4983.0307229915788
 129.20837854766148 0 15.738495303777354 0 1.0722263719347883e-05 0 0 0.10266984358566285 0 4982.4583692589504
 129.21234882828938 0 15.721777592619413 0 -8.0078462702542962e-05 0 0 0.10265886391083331 0 4981.775850087477
 129.21551259125275 0 15.708104101927109 0 -8.8601017655707667e-05 0 0 0.1026383409031851 0 4981.2094268550391
 129.21801344121749 0 15.697724802069045 0 -5.609637941791044e-05 0 0 0.10262313367776647 0 4980.7177736310978
 129.22011589915817 0 15.689751471619688 0 3.4134253794455106e-07 0 0 0.1026174377175585 0 4980.246519507923
 129.22188589960595 0 15.684026915807491 0 7.2166577054497475e-05 0 0 0.10262456966516961 0 4979.7754052004248
 129.22334503378525 0 15.680531337325528 0 0.00015299600600352778 0 0 0.10264770755802589 0 4979.2900553416439
 129.22449787881953 0 15.679288749390249 0 0.00023725204567955546 0 0 0.1026905324694659 0 4978.774325729567
 129.22533515262151 0 15.680377398666515 0 0.00031952882076072031 0 0 0.10275856947606023 0 4978.2024393955044
 129.22581809816185 0 15.684077808075875 0 0.0003939704598177048 0 0 0.10286416632250726 0 4977.5132577868144
 129.22573616834103 0 15.691547115390399 0 0.00044784454043534055 0 0 0.10305162273565309 0 4976.485445529087
 129.22518927849157 0 15.69701869691321 0 0.00044769164322727424 0 0 0.10321054298606305 0 4975.6688983761296
 129.22449997029776 0 15.700262217494766 0 0.00042786222259584621 0 0 0.10334217759262455 0 4974.9802585030211
 129.22363582648455 0 15.701929244723127 0 0.00039983713740127574 0 0 0.10346706062629198 0 4974.2928522828552
 129.22250303230609 0 15.702075294936654 0 0.00036990635538432096 0 0 0.10359224356980128 0 4973.5562556619598
 129.22084116595991 0 15.700649120831086 0 0.00034408622599646163 0 0 0.10372919441846357 0 4972.6932584808528
 129.21749348944726 0 15.697205849078186 0 0.00033246547171125035 0 0 0.1039233927913444 0 4971.4124416536388
 129.21351604520976 0 15.69450928463564 0 0.0003441311191709078 0 0 0.1040949366271917 0 4970.2971627302368
 129.20910387483514 0 15.693091367892199 0 0.000361672516705791 0 0 0.10425368125145366 0 4969.319770031957
