# Created by Octave 8.3.0, Thu Apr 10 00:55:37 2025 -03 <santi@agc>
# name: x
# type: matrix
# rows: 231
# columns: 10
 128.42912942123854 0 20.148417210857019 0 0 0 0 0.15561512910995401 0 5000
 128.42990005916553 0 20.137385479169399 0 -0.00034475818362846705 0 0 0.15561432863753927 0 5000.0000253339504
 128.43110487803446 0 20.120502721759223 0 -0.00085849903684992229 0 0 0.15561013864744377 0 5000.00015815395
 128.43302051159796 0 20.094434620504352 0 -0.0016214095242239272 0 0 0.15559718493295854 0 5000.0005698778878
 128.43613266493242 0 20.053692855010581 0 -0.0027482566368404425 0 0 0.15556294451066566 0 5000.0016626186198
 128.44132026086061 0 19.989007161902546 0 -0.0043984969835972436 0 0 0.15547892828260496 0 5000.0043603992654
 128.45020990258115 0 19.884332129817231 0 -0.0067818895247973316 0 0 0.15528172149318936 0 5000.0107516856779
 128.46583273553804 0 19.711443093614804 0 -0.010144488661483845 0 0 0.15483368084650628 0 5000.0254773596553
 128.49372318094328 0 19.420857901240119 0 -0.014695700914238663 0 0 0.15384665273525655 0 5000.0586190129352
 128.54330002195385 0 18.929527392545609 0 -0.020384919993020494 0 0 0.15175305131564382 0 5000.1312784119282
 128.62795440439615 0 18.115693888625472 0 -0.026354143638896557 0 0 0.14755978773698689 0 5000.2846504983745
 128.7200146106367 0 17.223312564563056 0 -0.029502765142141375 0 0 0.14223405037156334 0 5000.4932975980628
 128.79096646241103 0 16.510734315617427 0 -0.029885376710525342 0 0 0.13750710283707995 0 5000.6918723210201
 128.84951952985767 0 15.901404891476954 0 -0.028666214257503413 0 0 0.13311966174787376 0 5000.889622537321
 128.89715934908716 0 15.388446024927488 0 -0.026309075849477837 0 0 0.12912754287238723 0 5001.0840871104319
 128.93454154715454 0 14.972845277075232 0 -0.023159940573897999 0 0 0.12561371957369522 0 5001.2713056601206
 128.96233383962928 0 14.654169684845474 0 -0.01952033644027576 0 0 0.12264197724009204 0 5001.4475306464183
 128.98138134296889 0 14.428113294682225 0 -0.0156506952179448 0 0 0.12024109165759667 0 5001.6100272593822
 128.99263543722543 0 14.28707347172805 0 -0.011771096958675255 0 0 0.11840886185659875 0 5001.7570031888454
 128.99711718023087 0 14.220827402789601 0 -0.0080620554377256841 0 0 0.11711682424583185 0 5001.8874712060251
 128.99591864197185 0 14.217098437141287 0 -0.0046670642309419551 0 0 0.11631463182192087 0 5002.0010454307539
 128.99025368005638 0 14.261757104830419 0 -0.0016990765846022107 0 0 0.11593290311632025 0 5002.0976068436967
 128.98162960217613 0 14.33790500661188 0 0.00074142885706881753 0 0 0.11588131028583197 0 5002.1765515845664
 128.97259419655475 0 14.419686414871833 0 0.0024843060474752971 0 0 0.11602635190100455 0 5002.2337345142969
 128.95841669160677 0 14.548290917491487 0 0.0044370529112423614 0 0 0.11643372886736676 0 5002.3004352672542
 128.93336215693674 0 14.772171289515182 0 0.006640219471098459 0 0 0.11741365881686761 0 5002.3850435472204
 128.89789140462184 0 15.077499302826373 0 0.0082053063508783445 0 0 0.11907266030316348 0 5002.4706051855101
 128.86863666832309 0 15.317050534478335 0 0.0085635894417277082 0 0 0.12056612074088811 0 5002.5267726421125
 128.84451439988305 0 15.504657197093284 0 0.0083343035213191419 0 0 0.12184595168169213 0 5002.5693254511179
 128.8229524794115 0 15.663106521248693 0 0.0077390233966387664 0 0 0.12301190133319541 0 5002.6078283162033
 128.80394259194503 0 15.793523636881476 0 0.0068833946752509924 0 0 0.12404737856220283 0 5002.6450218118734
 128.78766908745695 0 15.895677789321919 0 0.0058587754505912372 0 0 0.12493038620349799 0 5002.682401752234
 128.77417880722288 0 15.970508051339442 0 0.0047446354153322804 0 0 0.12564952098980106 0 5002.7209489139586
 128.76338998867902 0 16.019981987128116 0 0.0036088582042575271 0 0 0.12620295091502204 0 5002.7611987752061
 128.7551141132885 0 16.046902480211443 0 0.0025079389446634533 0 0 0.12659709022211191 0 5002.8032626619997
 128.74908203846891 0 16.05474062369467 0 0.0014876850772613357 0 0 0.12684536616528325 0 5002.846797665472
 128.74497067115041 0 16.047564116118821 0 0.00058509520092395097 0 0 0.1269674326657888 0 5002.890866470063
 128.7424285362352 0 16.030239595781108 0 -0.00016645603846747047 0 0 0.12698969478763605 0 5002.933467816797
 128.74092006680527 0 16.005201466377589 0 -0.00081622168966172823 0 0 0.12693778594103669 0 5002.9767766524792
 128.74014992634733 0 15.968632567140787 0 -0.0014539231208017178 0 0 0.12680101535510926 0 5003.0284977358506
 128.74037603275642 0 15.9053352941275 0 -0.0021658640135507543 0 0 0.12648534759365002 0 5003.1067692155229
 128.74190103368326 0 15.821109126740602 0 -0.0026939425264521622 0 0 0.12597669574789624 0 5003.2048501141271
 128.74361787608524 0 15.747052622633724 0 -0.0028835618041393517 0 0 0.12546718186030464 0 5003.2929585387128
 128.74495721662589 0 15.685490631630913 0 -0.0028662300615871854 0 0 0.12500051078184041 0 5003.3720007008997
 128.74576684252165 0 15.633793130398878 0 -0.0027173312405042449 0 0 0.12457272973708233 0 5003.4463947476297
 128.74594789195882 0 15.591001994753926 0 -0.0024753388067081873 0 0 0.12418444258012219 0 5003.5181350033381
 128.74543167780851 0 15.557275783977628 0 -0.0021711121682481704 0 0 0.12384336831901478 0 5003.5872097796255
 128.74419964359927 0 15.532424375786784 0 -0.0018311227091524556 0 0 0.12355401024464692 0 5003.6535416668476
 128.74227305667597 0 15.515939366322506 0 -0.0014778477240984123 0 0 0.12331789230526176 0 5003.7170695487621
 128.73970365266086 0 15.507059034310384 0 -0.0011298600316937569 0 0 0.12313399169507015 0 5003.7777771877654
 128.73656502076929 0 15.504841465834003 0 -0.00080189841497406628 0 0 0.1229992317249336 0 5003.8357033145776
 128.7329444171329 0 15.508237524958977 0 -0.00050500271233377015 0 0 0.12290898874045297 0 5003.8909464629114
 128.72861407454488 0 15.516918525454615 0 -0.00022869822604121472 0 0 0.12285504080320472 0 5003.9476214435081
 128.72306290573101 0 15.53214884316681 0 3.3168934023548586e-05 0 0 0.12283856988851306 0 5004.0113373165786
 128.71457049130007 0 15.559727003054366 0 0.00028200031296110687 0 0 0.12287974668661714 0 5004.09804982273
 128.70663890692447 0 15.586982095423226 0 0.00038087459141618264 0 0 0.12295754834417137 0 5004.1732295877455
 128.70047724586902 0 15.607608193781337 0 0.0003806162217354892 0 0 0.12302847716133158 0 5004.2306122175423
 128.69532387877658 0 15.623686017012812 0 0.00033279913146395338 0 0 0.1230867958601304 0 5004.2793857299039
 128.69062850350994 0 15.636825763254846 0 0.00025348997676698069 0 0 0.12313336147956881 0 5004.325495338263
 128.68629774204157 0 15.647147106858476 0 0.00015159271814703656 0 0 0.12316546192003695 0 5004.3703927679198
 128.68227964715146 0 15.65465631683084 0 3.4015108572649534e-05 0 0 0.12318043186148921 0 5004.4150594241792
 128.67853296857942 0 15.659320538435779 0 -9.3280842480124442e-05 0 0 0.12317550146120329 0 5004.4603705195814
 128.67501358376998 0 15.661075368183061 0 -0.00022476452833145526 0 0 0.12314742211616703 0 5004.5073063339169
 128.67165921776945 0 15.65979661048306 0 -0.0003549934921068679 0 0 0.12309165123483218 0 5004.5572569802234
 128.66835244928888 0 15.655183708883731 0 -0.00047828373629755063 0 0 0.1229999282255909 0 5004.6128407177966
 128.66473696283748 0 15.646114398973682 0 -0.00058835177596387636 0 0 0.12284788883113838 0 5004.6820500481917
 128.66107482072107 0 15.633722640411531 0 -0.00064618903368485485 0 0 0.12263659566222949 0 5004.7605711845681
 128.65846736634307 0 15.624662409506003 0 -0.00064261416183265612 0 0 0.12246062866312783 0 5004.8193351338741
 128.65629588230172 0 15.618317697667491 0 -0.00061318558845798875 0 0 0.12230959591335258 0 5004.8678290264543
 128.65421612841308 0 15.613949635066966 0 -0.00056968300692539903 0 0 0.12216880568719189 0 5004.9125528045897
 128.65212164245233 0 15.611479368512855 0 -0.0005189528174060023 0 0 0.12203455483173727 0 5004.955294359791
