# Created by Octave 8.3.0, Wed Apr 09 22:39:26 2025 -03 <santi@agc>
# name: x
# type: matrix
# rows: 167
# columns: 10
 128.75628925181334 0 17.939285886104109 0 0 0 0 0.12098297001829754 0 5000
 128.75668220684713 0 17.933599686486996 0 -0.00017123524907901758 0 0 0.12098257243617493 0 4999.9894821967155
 128.75729224551995 0 17.92490602265077 0 -0.0004263851281620638 0 0 0.12098049139295228 0 4999.973754490381
 128.75825300865051 0 17.911500873802598 0 -0.00080525047747087347 0 0 0.12097405796974922 0 4999.9502727131758
 128.75979475952934 0 17.890590141115087 0 -0.0013647744413032327 0 0 0.12095705373715178 0 4999.9152954415304
 128.76232619157688 0 17.857476281180343 0 -0.0021840309407780657 0 0 0.12091533431022554 0 4999.8633759790655
 128.76659003665543 0 17.804072393206038 0 -0.0033669622027954907 0 0 0.12081742188514369 0 4999.7867059195114
 128.77394923257052 0 17.716239400443587 0 -0.0050353877746218949 0 0 0.12059501094535549 0 4999.6743471421505
 128.78686490205916 0 17.569358675419348 0 -0.0072929521165149835 0 0 0.12010514201164565 0 4999.5114874713845
 128.80950466520812 0 17.322450712977684 0 -0.01011534126442404 0 0 0.11906623017973565 0 4999.2789370135124
 128.84781320274422 0 16.916142402844837 0 -0.013082948849874647 0 0 0.11698505193185707 0 4998.9526289400028
 128.88907207696784 0 16.482104952002025 0 -0.014636835963174718 0 0 0.11440344608339456 0 4998.6356514949484
 128.92303036792902 0 16.123030223246875 0 -0.014855360277596961 0 0 0.1120307338191926 0 4998.3735136041751
 128.9515200930359 0 15.818718045295389 0 -0.014263559358646642 0 0 0.10984690606696737 0 4998.1344791065103
 128.9752196190982 0 15.562479369635254 0 -0.013101491616068004 0 0 0.10785989734289689 0 4997.9044429539026
 128.99417777160377 0 15.354639919415279 0 -0.011541811306865525 0 0 0.10611005121318699 0 4997.6780005959508
 129.00848815602771 0 15.19501324891859 0 -0.0097350466913225485 0 0 0.10462943130075383 0 4997.4524536464642
 129.0183998607485 0 15.081481651324845 0 -0.0078112537006310174 0 0 0.10343261725614034 0 4997.2262538642581
 129.02428424615036 0 15.010283157267152 0 -0.0058803776970360964 0 0 0.10251871384992059 0 4996.9988479717849
 129.0266087703607 0 14.97635016597631 0 -0.0040326496249241872 0 0 0.10187371446900013 0 4996.7707021754813
 129.02592397973569 0 14.973592382620305 0 -0.0023398671301452581 0 0 0.10147269018379079 0 4996.543552755651
 129.02287383906537 0 14.994998545002321 0 -0.00085863195696181697 0 0 0.10128120891384025 0 4996.3211802524656
 129.01826970029526 0 15.032190551388712 0 0.00036068278431584445 0 0 0.10125439425155736 0 4996.1118674007212
 129.01319073493798 0 15.074728457575221 0 0.0012761093037857198 0 0 0.10133182020947595 0 4995.9303634912558
 129.00554877624285 0 15.13939963926596 0 0.0022574191140581476 0 0 0.10154195347457576 0 4995.6976722755471
 128.99216283116573 0 15.252029560694661 0 0.0033599931552233302 0 0 0.10204405834938428 0 4995.3409473035099
 128.97381684754393 0 15.402386116997494 0 0.0041248190444174437 0 0 0.10287218503751434 0 4994.8894264990986
 128.95883992699646 0 15.520249402265152 0 0.0043003632684221367 0 0 0.10361518948227022 0 4994.5224459551746
 128.94642215543018 0 15.613569538557133 0 0.0041864049922485519 0 0 0.10425885333967819 0 4994.2039401194361
 128.93535258357556 0 15.692351150890643 0 0.0038896485083171422 0 0 0.10484567248070942 0 4993.8976454130061
 128.92559735241477 0 15.75713156927231 0 0.0034629318076331516 0 0 0.10536734385608984 0 4993.5983853401631
 128.91722600871441 0 15.807793854989303 0 0.0029518981009820046 0 0 0.10581290989933019 0 4993.3059382378751
 128.91024518706067 0 15.844803967884863 0 0.0023962175802774216 0 0 0.10617667984302773 0 4993.0205630026167
 128.90460358598867 0 15.869139673465357 0 0.00182974080493057 0 0 0.10645771500400901 0 4992.7428563654939
 128.90020268388633 0 15.882193015696506 0 0.001280587266142939 0 0 0.10665915676534303 0 4992.4738342163519
 128.89690924071823 0 15.885684637448687 0 0.00077146490251914679 0 0 0.10678758965221076 0 4992.2152348269492
 128.89456837982971 0 15.881623221276316 0 0.00032052375155492237 0 0 0.1068526043559815 0 4991.9702799993856
 128.89290277369889 0 15.87133910712226 0 -8.8274532053426004e-05 0 0 0.10686628920500296 0 4991.7255676119785
 128.89171879052421 0 15.853778744620437 0 -0.00048487020227787504 0 0 0.10682725308865039 0 4991.4524024473631
 128.89103489706775 0 15.826265951117952 0 -0.00086757814899298324 0 0 0.10671616178561108 0 4991.1238485008635
 128.89095735598406 0 15.77796061425656 0 -0.0012359107227826035 0 0 0.10645622729907406 0 4990.6343789464909
 128.89123385348543 0 15.737880299467848 0 -0.0013614115832170366 0 0 0.1062008099987926 0 4990.2448397521375
 128.89139585009042 0 15.706623293977891 0 -0.0013655026185546231 0 0 0.10598001461319986 0 4989.9241690998415
 128.89133408927503 0 15.680312237380683 0 -0.0013016023367479412 0 0 0.10577799187003945 0 4989.624149330818
 128.89097838704765 0 15.658294923363732 0 -0.0011896177932695412 0 0 0.1055943426661127 0 4989.3318834382862
 128.89028687810583 0 15.640659203330747 0 -0.0010448289757034068 0 0 0.10543298846212319 0 4989.0450873060072
 128.88924513869898 0 15.627344712613281 0 -0.00088042611011297615 0 0 0.10529643008248361 0 4988.7627050110632
 128.88786103859846 0 15.618127780068813 0 -0.00070769593652751119 0 0 0.1051856642580344 0 4988.4842268003995
 128.88607955967541 0 15.612487789348069 0 -0.00052873020132755601 0 0 0.10509721183860446 0 4988.1976239484111
 128.88382290763317 0 15.61035960036326 0 -0.00034666415981127749 0 0 0.10503096653171935 0 4987.8931786807907
 128.88099699351562 0 15.611907346501729 0 -0.00016703721221314734 0 0 0.10498891642572181 0 4987.5618309388637
 128.87742167780084 0 15.61749455734825 0 4.3763890826373653e-06 0 0 0.10497412302450326 0 4987.1862952710917
 128.87259985235107 0 15.628265267595184 0 0.0001615253038547672 0 0 0.10499380683370316 0 4986.7195678977378
 128.86652539569607 0 15.643861402000415 0 0.00026624048155682388 0 0 0.10505381496039295 0 4986.1571377884302
 128.86110325945043 0 15.65771860043581 0 0.0002886888766855764 0 0 0.10512258468327461 0 4985.6543414755051
 128.85663002553724 0 15.668067779375431 0 0.00026493791009305227 0 0 0.10518078466150978 0 4985.2251745434396
 128.85256941885538 0 15.675970699564701 0 0.00021550273333185462 0 0 0.10522890541338181 0 4984.8151591294873
 128.84876071357908 0 15.68160933734811 0 0.00014964641995049953 0 0 0.10526538236233397 0 4984.4054697503652
 128.8451125764862 0 15.68500061445552 0 7.4055467424773077e-05 0 0 0.10528834927020854 0 4983.9835562597627
 128.84153446604165 0 15.686111541618095 0 -5.502426549721626e-06 0 0 0.10529575736757364 0 4983.5357496877632
 128.83789168732298 0 15.684852006529123 0 -8.3445222046039187e-05 0 0 0.10528490886810604 0 4983.0408501982502
 128.83388830547088 0 15.680938735846613 0 -0.00015362338505555756 0 0 0.10525061582903029 0 4982.4512399833729
 128.82829861066043 0 15.672892572468498 0 -0.00020505712347114487 0 0 0.10517240575771891 0 4981.5660483690936
 128.82375652512914 0 15.666350451869336 0 -0.00020359987873815795 0 0 0.10509812153273088 0 4980.8209611546408
 128.81992233858065 0 15.662153587345001 0 -0.000180804500615529 0 0 0.10503960486834409 0 4980.1933518993237
 128.81606019750964 0 15.659543206544067 0 -0.00014888241059882952 0 0 0.10498995304105953 0 4979.5700131219601
 128.81187013228961 0 15.658387567848639 0 -0.00011406033353304521 0 0 0.10494780758594217 0 4978.9036195285689
 128.80696830334551 0 15.658637423807788 0 -8.1904157627984444e-05 0 0 0.10491158499041506 0 4978.1299271294511
 128.79998363604227 0 15.660376300991791 0 -5.9718615477863621e-05 0 0 0.10487443386080018 0 4977.0150277237954
 128.79305838859747 0 15.661978251413355 0 -6.2895769398399714e-05 0 0 0.10484121248697813 0 4975.8644864825319
 128.78763304541616 0 15.662306621423525 0 -7.5731961613086343e-05 0 0 0.10480985525606608 0 4974.9125067450741
