# Created by Octave 8.3.0, Mon Apr 07 01:25:34 2025 -03 <santi@agc>
# name: x
# type: matrix
# rows: 233
# columns: 10
 129.52176505294872 0 11.140573484733782 0 0 0 0 0.085801959030180813 0 5000
 129.52157658287177 0 11.151999243031284 0 0.0003424517775748164 0 0 0.085802754150272387 0 4999.999973777386
 129.52126712291991 0 11.169468293185471 0 0.000852730089092956 0 0 0.085806916029353406 0 4999.9998363087998
 129.5207430367324 0 11.196404907789301 0 0.0016104433747916144 0 0 0.08581978235748064 0 4999.9994102296796
 129.51982316470449 0 11.238424055246972 0 0.0027294977634597976 0 0 0.08585378994538248 0 4999.9982796138638
 129.51814592042567 0 11.304966085965384 0 0.0043680914172619751 0 0 0.085937228461989354 0 4999.9954891807984
 129.51497279387846 0 11.412282941368783 0 0.0067342255491850325 0 0 0.086133058879151264 0 4999.9888815436098
 129.50877615688063 0 11.588788496440248 0 0.01007178736409369 0 0 0.086577914715540369 0 4999.973668882144
 129.49639974032576 0 11.883948688606539 0 0.014588522958939042 0 0 0.08755779476804329 0 4999.9394731364418
 129.47148187613485 0 12.380063130002297 0 0.020236381892896154 0 0 0.089636111497594734 0 4999.8646570775445
 129.42217659296679 0 13.19619213560887 0 0.026175800699334006 0 0 0.093799875592177756 0 4999.7073082164916
 129.36028080490476 0 14.067760737489085 0 0.029285386794676856 0 0 0.098967127133127553 0 4999.499452056546
 129.302852012937 0 14.787369157295087 0 0.029718849574041667 0 0 0.10371081205966012 0 4999.2954401806428
 129.2501097862478 0 15.39622632374792 0 0.028531879616254543 0 0 0.1080731808474396 0 4999.0943021061539
 129.2029654999659 0 15.908229094648306 0 0.026205926237832734 0 0 0.11204051867040529 0 4998.8966451711622
 129.16303105894349 0 16.323014154900207 0 0.023086615968359418 0 0 0.11553328726626744 0 4998.7062448741653
 129.13150401772774 0 16.641197295623762 0 0.019474820216062384 0 0 0.11848837895063691 0 4998.5268089887541
 129.10889056527964 0 16.867186600248495 0 0.015630242973712752 0 0 0.12087732411607291 0 4998.361048200577
 129.09505593028518 0 17.008609246299116 0 0.011772300279788518 0 0 0.12270227964694044 0 4998.2107448655652
 129.08932054009838 0 17.07564237423567 0 0.0080809819443530082 0 0 0.12399133584526406 0 4998.0768919472121
 129.09056577389137 0 17.080458379696651 0 0.0046994088297489592 0 0 0.12479417360268889 0 4997.95989977915
 129.09730431642006 0 17.03702993699709 0 0.0017402117491261112 0 0 0.1251792279108267 0 4997.8599377745431
 129.10761011569582 0 16.962017486393282 0 -0.00069687851143500172 0 0 0.12523547000377455 0 4997.7777059126793
 129.11838739741776 0 16.880690879795623 0 -0.0024463418928399143 0 0 0.12509363692890096 0 4997.7175395204777
 129.13485373387792 0 16.754257904570704 0 -0.0043820935388468197 0 0 0.1246956618889568 0 4997.6478374357366
 129.16325149513278 0 16.533940358077594 0 -0.0065727939979996208 0 0 0.12373606045400568 0 4997.5584215863273
 129.2026295967797 0 16.228424675014267 0 -0.0081564116952624541 0 0 0.12208169685114433 0 4997.4651865179212
 129.23397986140145 0 15.988454348963575 0 -0.0085184102530189917 0 0 0.12058920295558608 0 4997.40299922145
 129.25894113566858 0 15.802089477818694 0 -0.0082899125861920046 0 0 0.11932084399416767 0 4997.3557457345232
 129.28082540804982 0 15.644643864856732 0 -0.0076975581087286313 0 0 0.11816543502676344 0 4997.3127080490904
 129.29985829547573 0 15.515010844380759 0 -0.0068462982755400827 0 0 0.117139307476036 0 4997.271070931949
 129.31602530542008 0 15.413446815806713 0 -0.0058269450860468286 0 0 0.11626429070544576 0 4997.2293408341175
 129.32940711175775 0 15.33903943757605 0 -0.004718526111857883 0 0 0.11555170728807131 0 4997.1865451104368
 129.34016637564025 0 15.289847138073993 0 -0.0035885694829990971 0 0 0.11500338261209252 0 4997.1421608662677
 129.34852897295386 0 15.263091210305465 0 -0.002493288917606092 0 0 0.11461295760273239 0 4997.0960955946894
 129.35476561479052 0 15.255322743136853 0 -0.0014782731618527114 0 0 0.11436711280554117 0 4997.0487224847529
 129.3591743167901 0 15.262494787509416 0 -0.0005803527677020454 0 0 0.11424635017049761 0 4997.0010333580294
 129.36206112564935 0 15.279761185008002 0 0.00016723016520156725 0 0 0.11422447253397366 0 4996.9551440510604
 129.363956152464 0 15.304764369095592 0 0.00081490030560436551 0 0 0.11427625595374509 0 4996.9085577744745
 129.36520034519265 0 15.341304201558687 0 0.0014505737549670434 0 0 0.11441255842735357 0 4996.85306920935
 129.36566975971334 0 15.404620053894838 0 0.0021601869774874327 0 0 0.11472737212901314 0 4996.7692678629801
 129.36492427087109 0 15.488827043458823 0 0.0026846822004827292 0 0 0.11523435367033259 0 4996.6645641566374
 129.36381247283404 0 15.562317502950281 0 0.0028702042315899806 0 0 0.11573833627337372 0 4996.5712984052725
 129.36293802915608 0 15.623433794882168 0 0.0028512687993205881 0 0 0.11620003219780028 0 4996.4876010254075
 129.36251204174823 0 15.674757250636581 0 0.0027020432760551795 0 0 0.11662326998029354 0 4996.4087750257268
 129.36266765431751 0 15.717217554988784 0 0.0024606205022217405 0 0 0.11700731358030778 0 4996.3327032583029
 129.36349241270057 0 15.75066230220734 0 0.0021576315763949692 0 0 0.11734457165890932 0 4996.2593670991509
 129.36501936545173 0 15.775285304889952 0 0.001819354837535928 0 0 0.11763063295044661 0 4996.1888247059132
 129.3672371959702 0 15.791595663703752 0 0.001468098407160244 0 0 0.1178640290119071 0 4996.1211235484689
 129.37009993167752 0 15.800352814924587 0 0.0011222871962315636 0 0 0.11804580369084501 0 4996.0562691809564
 129.37353642794895 0 15.80249360600531 0 0.00079653241611638481 0 0 0.11817902398188161 0 4995.9942129508427
 129.37745980068362 0 15.799059335179376 0 0.00050176440880100263 0 0 0.11826827707732469 0 4995.9348440157182
 129.38213225999803 0 15.790343197640015 0 0.0002269984728920948 0 0 0.11832177864144128 0 4995.8735745886142
 129.38810137771023 0 15.775057783160902 0 -3.3209448636630531e-05 0 0 0.11833810195989787 0 4995.8043211409231
 129.39729209036744 0 15.747121316021669 0 -0.00028062410725320392 0 0 0.11829656854706704 0 4995.7086246604576
 129.40558141452155 0 15.720459288073535 0 -0.00037361653978634459 0 0 0.11822133884272867 0 4995.6278276262356
 129.41202092616336 0 15.700317748657385 0 -0.00037163015982305655 0 0 0.11815331446523436 0 4995.5658579313549
 129.41749950865497 0 15.684390480283836 0 -0.00032304778884040936 0 0 0.11809681379378106 0 4995.5122113866673
 129.42251079372039 0 15.67138510951987 0 -0.00024321725866194435 0 0 0.1180520348011259 0 4995.4613354862704
 129.42715646183723 0 15.661190024245348 0 -0.00014098559623172273 0 0 0.11802170966005113 0 4995.4116740226773
 129.43149589321158 0 15.653800870677767 0 -2.3227561188621885e-05 0 0 0.11800850940008659 0 4995.3621563399765
 129.43557769840848 0 15.64925188125938 0 0.00010411526668956595 0 0 0.11801521877443383 0 4995.3118141722298
 129.43945491876858 0 15.647609161693007 0 0.00023552603624395766 0 0 0.11804512193936571 0 4995.259545552206
 129.44320336630938 0 15.649000347595587 0 0.00036557258953665906 0 0 0.11810284757749846 0 4995.2037631166868
 129.44696792895473 0 15.65373657254375 0 0.0004885830337270575 0 0 0.11819691048470719 0 4995.1414303039928
 129.45120022826984 0 15.663004089799157 0 0.00059832844838264511 0 0 0.11835304984444156 0 4995.0630388210666
 129.45558922670534 0 15.675550895623712 0 0.00065434662557498015 0 0 0.11856911587961372 0 4994.9737410045973
 129.45877153078922 0 15.684625766034001 0 0.00064886358419920644 0 0 0.11874843068409419 0 4994.9065684362349
 129.46140671776777 0 15.690819460786738 0 0.00061855302912345624 0 0 0.11889974491800653 0 4994.8516347691984
 129.46395244946797 0 15.695048642362998 0 0.00057485926272698269 0 0 0.11904128650953805 0 4994.800405210126
 129.46653326208235 0 15.69738765844636 0 0.00052448809903701116 0 0 0.11917685624029546 0 4994.7508372734528
 129.46924272986527 0 15.697835290591662 0 0.00047323123711913304 0 0 0.11931068170812092 0 4994.701316162942
