# Created by Octave 8.3.0, Mon Apr 07 04:55:16 2025 -03 <santi@agc>
# name: x
# type: matrix
# rows: 166
# columns: 10
 129.3118285310305 0 13.358555384522969 0 0 0 0 0.12039311671297624 0 5000
 129.31163703335989 0 13.364279646801325 0 0.00017122770203261705 0 0 0.12039351427767452 0 5000.0105177713303
 129.3113340637338 0 13.373030963895587 0 0.00042636540753413085 0 0 0.12039559522627902 0 5000.0262453100031
 129.31084455114694 0 13.386523816654703 0 0.00080521058189989068 0 0 0.12040202833920984 0 5000.0497265667782
 129.31003248149293 0 13.407568742379555 0 0.0013646999807401254 0 0 0.12041903167957682 0 5000.0847024543282
 129.30864299061633 0 13.440889426374865 0 0.002183894917526452 0 0 0.12046074864540196 0 5000.1366184890794
 129.30618561133699 0 13.494614636912583 0 0.0033667116136328222 0 0 0.12055865429831428 0 5000.2132803901068
 129.3017026373071 0 13.582949883465677 0 0.0050349129980771685 0 0 0.1207810462125689 0 5000.3256202400771
 129.29333205601182 0 13.730613734650879 0 0.0072920108281752678 0 0 0.121270859576672 0 5000.488436895952
 129.2775827185649 0 13.978711001518572 0 0.010113350428704636 0 0 0.1223095994507942 0 5000.7208918939841
 129.24855572286793 0 14.386676283871973 0 0.013078393577275431 0 0 0.12439020411848932 0 5001.0469965381644
 129.21445277294484 0 14.821206833729418 0 0.014626432468806086 0 0 0.12696517593410755 0 5001.3630842894354
 129.18420059482625 0 15.1806012830389 0 0.014842776932105521 0 0 0.12933259690354126 0 5001.6246158837339
 129.15729543526433 0 15.484961845618891 0 0.014250014281676568 0 0 0.13151120932640037 0 5001.8630765800945
 129.13382544203159 0 15.741062013701661 0 0.013087843573781162 0 0 0.1334931526639335 0 5002.0925447722657
 129.11431487268268 0 15.948643565983392 0 0.011528814809164144 0 0 0.13523821889378482 0 5002.3184134730973
 129.09913385625418 0 16.107964723875444 0 0.0097233254137011269 0 0 0.13671456729451578 0 5002.5433846248206
 129.08837044364645 0 16.221199383747834 0 0.0078012687324523948 0 0 0.13790778374671872 0 5002.769011313434
 129.08185835086823 0 16.29214688725385 0 0.0058724101705035676 0 0 0.13881885655716425 0 5002.9958526252722
 129.07921760144762 0 16.325893879262356 0 0.0040268027297741173 0 0 0.13946181172598432 0 5003.2234492447478
 129.07989389227973 0 16.328534314555455 0 0.0023360844254489447 0 0 0.13986153195726672 0 5003.450073326776
 129.08317811138454 0 16.307071826880875 0 0.00085672556998708988 0 0 0.14005234967343261 0 5003.6719553855128
 129.08815702892213 0 16.269869869397422 0 -0.00036100125301129367 0 0 0.14007899852820024 0 5003.88082887371
 129.09363751406028 0 16.227319445506957 0 -0.0012757568806627537 0 0 0.14000164464184661 0 5004.062086315158
 129.10183539978499 0 16.162633813190933 0 -0.0022563497044958978 0 0 0.13979173509514312 0 5004.2945279883861
 129.11603147351749 0 16.050013340413145 0 -0.0033575975636332264 0 0 0.13929027179913764 0 5004.6508855671818
 129.13509646642646 0 15.900130620000695 0 -0.0041194189049957048 0 0 0.13846585472737716 0 5005.1007070914866
 129.15039507202999 0 15.782644070710436 0 -0.0042949424003536447 0 0 0.13772634601786049 0 5005.4663017130524
 129.16294795708691 0 15.689407382968593 0 -0.0041819250721798831 0 0 0.13708422900791353 0 5005.7842985281759
 129.17403479149513 0 15.610683640416594 0 -0.0038862505525704772 0 0 0.13649865252397778 0 5006.0901369782496
 129.18374170829637 0 15.545941896667998 0 -0.0034606776410472826 0 0 0.13597792176814796 0 5006.3889864390931
 129.19204096349125 0 15.495305983143764 0 -0.0029507827048754929 0 0 0.13553300428673354 0 5006.6810645128344
 129.19895703186253 0 15.458315723901897 0 -0.0023961848314615715 0 0 0.13516961124133722 0 5006.9661116367943
 129.20456057567108 0 15.433997902896909 0 -0.0018306953915367108 0 0 0.13488871055034241 0 5007.2435338344621
 129.20895856410323 0 15.420963896983633 0 -0.0012824022203418342 0 0 0.13468719760163692 0 5007.5123229571036
 129.21228379740444 0 15.417495816759141 0 -0.00077398319888888291 0 0 0.1345585327807014 0 5007.770756963766
 129.21468424314889 0 15.421587996325318 0 -0.00032354857262823828 0 0 0.13449318248608336 0 5008.015647153311
 129.2164317126084 0 15.43190571339067 0 8.4581282129993327e-05 0 0 0.13447909798134006 0 5008.2602153887419
 129.21772693566402 0 15.44950767938133 0 0.00048050132673103018 0 0 0.13451758971244698 0 5008.5332795270688
 129.21855884694992 0 15.477083532265477 0 0.00086254627485715576 0 0 0.13462797524639641 0 5008.8619010004886
 129.21885394851464 0 15.525462406667263 0 0.0012296521277253831 0 0 0.13488667103661159 0 5009.3514751102593
 129.21873070235515 0 15.565565851250565 0 0.0013540800652798563 0 0 0.13514089624689707 0 5009.7411054022459
 129.21867703843861 0 15.596701234177768 0 0.0013574529611761479 0 0 0.13535975445997994 0 5010.0606770098548
 129.21882519932819 0 15.622904893623424 0 0.0012934023442713678 0 0 0.13555997620747881 0 5010.3597684095976
 129.21925349460508 0 15.64482893612904 0 0.0011816288445901785 0 0 0.13574196249511269 0 5010.6512130634737
 129.22000807480649 0 15.662382987549631 0 0.0010373200103038684 0 0 0.13590178770806086 0 5010.9372123016055
 129.22110676846037 0 15.675629367629897 0 0.00087358786445653586 0 0 0.13603697567058837 0 5011.2188010886084
 129.22254414599445 0 15.684793113926807 0 0.00070165244345071743 0 0 0.13614654609874252 0 5011.496472048213
 129.22438409269378 0 15.690404172749121 0 0.00052312983276365718 0 0 0.13623414113865265 0 5011.7829434976393
 129.22670458453203 0 15.692501694915775 0 0.00034155558194332101 0 0 0.13629956638041088 0 5012.0872985333372
 129.22960248921947 0 15.690921390986054 0 0.00016247233646208658 0 0 0.13634082636496145 0 5012.4186382905064
 129.23326269231401 0 15.68529784407791 0 -8.3358903403563122e-06 0 0 0.13635483673567225 0 5012.7943573801258
 129.23819719626022 0 15.674474666854774 0 -0.00016479623096417721 0 0 0.136334278389802 0 5013.2619777430964
 129.24440445960244 0 15.658837472031161 0 -0.0002683901191138984 0 0 0.13627339784474179 0 5013.8254992238426
 129.2499094100942 0 15.645052885297996 0 -0.00028976707827164602 0 0 0.13620449318340891 0 5014.3264116039754
 129.25446246199104 0 15.634752743073438 0 -0.0002654896056878878 0 0 0.1361462068302523 0 5014.7549537582045
 129.25860287292289 0 15.626897243279602 0 -0.00021573620877425573 0 0 0.13609803760949371 0 5015.164712034978
 129.26249449700114 0 15.621308290228397 0 -0.00014970465818100299 0 0 0.13606153590482892 0 5015.5743595187123
 129.26623191043871 0 15.617969745555806 0 -7.4056968099412942e-05 0 0 0.13603855450599769 0 5015.9964513259529
 129.26990971791614 0 15.616915135833976 0 5.4498136168459963e-06 0 0 0.13603113407281139 0 5016.4447501343238
 129.2736695212613 0 15.618236214340516 0 8.3235195131478208e-05 0 0 0.13604197616684788 0 5016.9407364415838
 129.27782542609575 0 15.622224426070645 0 0.00015313598683830578 0 0 0.13607633090271568 0 5017.5331199703369
 129.28364832249082 0 15.630343533208144 0 0.00020368223300460336 0 0 0.13615450510803684 0 5018.4225387989927
 129.28833083537302 0 15.636817357822737 0 0.00020160931797056405 0 0 0.13622757421424675 0 5019.1618038804954
 129.29231014233022 0 15.640978987947653 0 0.00017872099737552816 0 0 0.13628537293611234 0 5019.7885687915677
 129.29632480347584 0 15.64355710479415 0 0.00014690117141818516 0 0 0.13633443443334065 0 5020.4124433034422
 129.30068462089204 0 15.644680561642279 0 0.00011235179881269653 0 0 0.13637607749796127 0 5021.0806141401154
 129.30579696144383 0 15.644399163460331 0 8.0664558234458346e-05 0 0 0.13641193604405 0 5021.8587880394007
 129.3131754195087 0 15.642621789196957 0 5.937485345139505e-05 0 0 0.1364493368038166 0 5022.9954548876212
 129.32023647795882 0 15.641089807692609 0 6.3533986215670696e-05 0 0 0.13648209574623305 0 5024.1271604065487
 129.32586593879211 0 15.64080788119475 0 7.6730695219234373e-05 0 0 0.13651377711683241 0 5025.0783550337537
