# Created by Octave 8.3.0, Sun Apr 06 22:13:30 2025 -03 <santi@agc>
# name: x
# type: matrix
# rows: 213
# columns: 10
 129.70587373407466 0 8.7399267090910673 0 0 0 0 0.11964083194349949 0 5000
 129.70588519222878 0 8.7571498493825555 0 0.00051050223437172789 0 0 0.11964201721961276 0 5000.0315405251849
 129.70587269819143 0 8.7834815712810119 0 0.0012714839475484407 0 0 0.11964822236966077 0 5000.0787040977884
 129.70578719526824 0 8.8240827439658158 0 0.0024021510877636231 0 0 0.119667411142416 0 5000.1491195449753
 129.70550878298761 0 8.8874179704375482 0 0.0040736140324940349 0 0 0.11971815364273662 0 5000.2540050164489
 129.70475344828685 0 8.9877285248163918 0 0.0065248782028885398 0 0 0.11984274373160121 0 5000.4096896188694
 129.70286095969456 0 9.149570858961475 0 0.010073705512351275 0 0 0.12013550413907359 0 5000.639576501605
 129.69813437514736 0 9.4156473018722942 0 0.015078972087329397 0 0 0.12080130029545695 0 5000.9764354915224
 129.68679935356744 0 9.8603630589848343 0 0.021851019460774009 0 0 0.12226872799411856 0 5001.4646162484169
 129.66042625822737 0 10.607401139231005 0 0.030315348722167335 0 0 0.12538199670518477 0 5002.1615114433625
 129.60575982703469 0 11.756341228003082 0 0.038777956381901332 0 0 0.13118594625079025 0 5003.0793130532857
 129.52807487775507 0 13.031864246020858 0 0.04361433095364263 0 0 0.13864836847673714 0 5004.0064967309718
 129.44834423188971 0 14.12805123903285 0 0.044538508980530786 0 0 0.14578637860412211 0 5004.79882504953
 129.37196598169291 0 15.056200930884312 0 0.04294350296590816 0 0 0.15236469825368931 0 5005.5172816690701
 129.30163647527525 0 15.837237166276843 0 0.039590972938540088 0 0 0.15835302894419964 0 5006.2054112294409
 129.2405574804454 0 16.472454704509097 0 0.03500664336360345 0 0 0.16364200614514651 0 5006.8816243910524
 129.19132151808469 0 16.962439794725043 0 0.029646704951017899 0 0 0.16813291783031128 0 5007.5544985120632
 129.15530426933176 0 17.313438307934291 0 0.023905274849301661 0 0 0.17177890447181338 0 5008.2290427672224
 129.13271835663107 0 17.536557275876696 0 0.018116179928347142 0 0 0.17457931624170975 0 5008.9072432395542
 129.12277052816239 0 17.646779234963397 0 0.0125542258263583 0 0 0.17657284533743048 0 5009.5880450144605
 129.12385641206345 0 17.662122918112264 0 0.0074387189039636196 0 0 0.17783106306808899 0 5010.2666925797548
 129.13371603338601 0 17.603295454273773 0 0.0029423287149767932 0 0 0.17845399187257141 0 5010.9326407704011
 129.14939412779191 0 17.494803722914824 0 -0.00078483200993632353 0 0 0.17857194682810718 0 5011.5630042555995
 129.16632046806725 0 17.372487320429116 0 -0.0035137402734958609 0 0 0.17837266290714149 0 5012.0946497814066
 129.19083019779291 0 17.191451910798627 0 -0.0063787261469724476 0 0 0.17781343085794415 0 5012.7559911759863
 129.23302513625302 0 16.874819414007646 0 -0.0096719313745479221 0 0 0.17644984310737832 0 5013.7693461094059
 129.28426964754942 0 16.487164470125506 0 -0.011950071392154706 0 0 0.17438885040099977 0 5014.9322088286899
 129.33077379750742 0 16.136655368309164 0 -0.012806843845060138 0 0 0.17225876983617153 0 5016.0010001609844
 129.37068505271145 0 15.840672984018521 0 -0.012721296508935068 0 0 0.17028235957798785 0 5016.9728937442669
 129.40550719593912 0 15.590045360416845 0 -0.012017327130862789 0 0 0.16847132382179378 0 5017.8966864963377
 129.43602395679991 0 15.380672185705805 0 -0.010869495243970797 0 0 0.16683760483665908 0 5018.7989363702554
 129.46222570060135 0 15.21362268393136 0 -0.0094213104791817485 0 0 0.16542023099808914 0 5019.6809926519445
 129.48423422614195 0 15.088158889920376 0 -0.0077977922772571803 0 0 0.16424199050619609 0 5020.5424921653994
 129.50228431940357 0 15.001903125495085 0 -0.0061065007396382534 0 0 0.16331080305557563 0 5021.3820296104977
 129.5166965863514 0 14.951122880811662 0 -0.0044377329089877217 0 0 0.16262166854553231 0 5022.1971171864561
 129.52785143003152 0 14.931011291506721 0 -0.0028651153995704545 0 0 0.16215865505580104 0 5022.9835733572227
 129.53616451209689 0 14.93587807632924 0 -0.0014473726998103105 0 0 0.16189651842098127 0 5023.7339277707024
 129.54205940141796 0 14.95908646423316 0 -0.00023290042790226773 0 0 0.16180116966920252 0 5024.4332524077927
 129.54591696125516 0 14.992129508001357 0 0.00072534910187230706 0 0 0.16182639871553725 0 5025.0454313367427
 129.54869926894537 0 15.034650474227629 0 0.0015648986721585958 0 0 0.16194149776313943 0 5025.6521265967667
 129.5511276833069 0 15.104987682937749 0 0.002519917297841766 0 0 0.16222375044065201 0 5026.4818305310691
 129.55266025519563 0 15.226163878936172 0 0.0035120313846224776 0 0 0.16285051227972697 0 5027.7191013175407
 129.5528941111794 0 15.347511310760723 0 0.0039855274442893128 0 0 0.16359285182755356 0 5028.8949725473603
 129.55300174030015 0 15.444653882746138 0 0.0040628771051231354 0 0 0.16425600704728918 0 5029.8730560771592
 129.55355766721578 0 15.526608015011883 0 0.0039168409740274581 0 0 0.1648655278783665 0 5030.7796946735425
 129.55485147208736 0 15.595462652414778 0 0.0036157505626714988 0 0 0.16542139323603045 0 5031.6562710388953
 129.55706157956197 0 15.651294757398514 0 0.003206596847443499 0 0 0.16591400728807154 0 5032.515334379349
 129.56027312502678 0 15.69416154827965 0 0.0027299745755403619 0 0 0.16633479472601795 0 5033.3605449719062
 129.56449508505057 0 15.724619160552681 0 0.0022207794589538775 0 0 0.16667973266280067 0 5034.1936979119391
 129.56967325891438 0 15.743647873569083 0 0.0017083728197438215 0 0 0.16694882955545678 0 5035.0152933465961
 129.57570106728548 0 15.75255633707598 0 0.001216674000453753 0 0 0.16714546343139938 0 5035.824593496025
 129.58242633493387 0 15.752892103263948 0 0.00076439003622624248 0 0 0.16727571682772069 0 5036.6192418038327
 129.58964823875715 0 15.746380077254498 0 0.00036553007043452386 0 0 0.16734780485066586 0 5037.3940247995715
 129.59780243868042 0 15.733657718559813 0 1.8030563404759412e-06 0 0 0.16737206346166403 0 5038.206704707618
 129.60801958130406 0 15.712804037423441 0 -0.00034748377608412605 0 0 0.1673441671713832 0 5039.1674980500347
 129.62360832888197 0 15.675653923842933 0 -0.00069378557275550268 0 0 0.16722267425734327 0 5040.5703311160942
 129.63774705721238 0 15.640211229661155 0 -0.00084499593733542658 0 0 0.16706426774238489 0 5041.8219676957815
 129.64896865156737 0 15.612890064134255 0 -0.00087037133071373644 0 0 0.16692355053421387 0 5042.825479927259
 129.65865530042896 0 15.590905459719162 0 -0.00083288792122152412 0 0 0.16680049184263968 0 5043.711758627509
 129.66773386741383 0 15.572325494622943 0 -0.0007533714646188116 0 0 0.16668992911358751 0 5044.568093916314
 129.67639158387775 0 15.556973630775548 0 -0.00064246449443653027 0 0 0.16659379069552185 0 5045.4152431673183
 129.68474064691696 0 15.544825241038568 0 -0.00050810264496556519 0 0 0.16651417913336922 0 5046.2670647873674
 129.69287174149039 0 15.535907173975426 0 -0.00035689589298828735 0 0 0.16645319355356969 0 5047.1357333454298
 129.70087652988039 0 15.53027489852129 0 -0.00019475340687277845 0 0 0.16641300777856755 0 5048.0342544563928
 129.70886723854113 0 15.528014796745277 0 -2.7240901826243853e-05 0 0 0.16639606225489667 0 5048.9790412583434
 129.71700710457051 0 15.529272026075601 0 0.0001401598706428687 0 0 0.16640547762082794 0 5049.9943360577054
 129.7255827982666 0 15.534340100862881 0 0.00030180880388453319 0 0 0.16644612703519165 0 5051.1230914711341
 129.73526590770237 0 15.544012829575472 0 0.00045168505235945451 0 0 0.16652856598757812 0 5052.4665614698115
 129.74908098762867 0 15.562278132108915 0 0.00058217596720386029 0 0 0.16669885036377041 0 5054.4832617078864
 129.76012254196752 0 15.577703500005059 0 0.0006099131226112545 0 0 0.16685985287969973 0 5056.1465517012084
 129.76905673677601 0 15.588853209829935 0 0.00058933636795665992 0 0 0.16699137728972807 0 5057.5020325118494
