# Created by Octave 8.3.0, Sun Apr 06 22:10:44 2025 -03 <santi@agc>
# name: x
# type: matrix
# rows: 260
# columns: 10
 129.69646807717839 0 8.8784102352530727 0 0 0 0 0.068348666510237521 0 5000
 129.69646890490503 0 8.8955273716802647 0 0.00051187797552180016 0 0 0.068349854978177388 0 4999.999960717957
 129.69643985372235 0 8.9217019001949698 0 0.0012749324759506768 0 0 0.068356076919188505 0 4999.9997547713492
 129.69632815546643 0 8.9620714004806992 0 0.0024087287952443553 0 0 0.068375318036292654 0 4999.9991163643381
 129.69600744533273 0 9.0250685121595637 0 0.004084928312058379 0 0 0.068426200645481633 0 4999.9974219876704
 129.69518009446745 0 9.1248898915391745 0 0.0065431319132471539 0 0 0.068551139265233305 0 4999.9932388637508
 129.69309039547255 0 9.2859006742607431 0 0.010092908396639625 0 0 0.068844577381341004 0 4999.9833305176007
 129.68804407111483 0 9.5507626227796418 0 0.015100393467472075 0 0 0.06951144493868544 0 4999.9605142171104
 129.67618540031913 0 9.9937672907475097 0 0.021877717184028901 0 0 0.070980773376404668 0 4999.9092183031471
 129.64894905759874 0 10.738553765959528 0 0.030353530691041988 0 0 0.074097882613669272 0 4999.7969712533968
 129.59264447776545 0 11.890893974795921 0 0.038869339087223356 0 0 0.079941686343603019 0 4999.5765113776097
 129.51565177099414 0 13.132017525865237 0 0.043636433617921605 0 0 0.087216942319604043 0 4999.2854351867682
 129.43447376717921 0 14.232929013733902 0 0.044651953251177219 0 0 0.094388989514750235 0 4998.979310185051
 129.3566920707286 0 15.16594604840645 0 0.043114654835597233 0 0 0.1010057142018265 0 4998.676708510061
 129.28506874722035 0 15.951303128694885 0 0.039800024434205265 0 0 0.1070303821116764 0 4998.3793186078001
 129.22277827224082 0 16.590828928074945 0 0.035237700345805693 0 0 0.11235697953414159 0 4998.0921165944737
 129.17244544801292 0 17.084934272981947 0 0.029886578364539042 0 0 0.1168854792697616 0 4997.8207998308344
 129.13547202845723 0 17.439700624995027 0 0.024143158351349052 0 0 0.12056783134636892 0 4997.5695841121815
 129.1120876059579 0 17.66609783744606 0 0.01834346140070766 0 0 0.12340239078840674 0 4997.3412859433947
 129.10150668637985 0 17.778997521318814 0 0.012764275027018768 0 0 0.12542702906531025 0 4997.1375173054084
 129.1021256288779 0 17.796322866900432 0 0.0076265431434936679 0 0 0.12671259857668951 0 4996.9589774777642
 129.11168379406794 0 17.738671454179439 0 0.0031038908650216097 0 0 0.12735833317139811 0 4996.805927180746
 129.12723905550143 0 17.630334443324511 0 -0.00065444675613173615 0 0 0.1274932136135129 0 4996.6792125973907
 129.14432095406784 0 17.506333794089386 0 -0.0034294994241243089 0 0 0.127301002097366 0 4996.5840253978668
 129.1685139654183 0 17.32700455460721 0 -0.0062717296843791317 0 0 0.12675810300020177 0 4996.4822771600075
 129.21017421434149 0 17.01339796465226 0 -0.0095481636449111264 0 0 0.12542768397299553 0 4996.3509365343498
 129.26167469186913 0 16.622271193307657 0 -0.011857271794358363 0 0 0.12337261269922334 0 4996.2267519372463
 129.30796276340652 0 16.271374008321057 0 -0.012716296359389041 0 0 0.12126291072797475 0 4996.1329848796559
 129.34759028626024 0 15.975014184565092 0 -0.012631938463563882 0 0 0.11930671011944156 0 4996.0580101197711
 129.38207515756162 0 15.723821867397925 0 -0.011928875254387902 0 0 0.11751528724979238 0 4995.9917377375677
 129.41219506686798 0 15.513661716138349 0 -0.010781378151228486 0 0 0.11590073651525777 0 4995.9286430908896
 129.43793633221034 0 15.345632535266329 0 -0.009332800611170115 0 0 0.11450212559515509 0 4995.8661519838997
 129.45942039291495 0 15.219022389657015 0 -0.0077081671134938906 0 0 0.11334223819618099 0 4995.8025332607776
 129.47688493210637 0 15.131473218323825 0 -0.0060151863938024408 0 0 0.11242893398649922 0 4995.7367575524677
 129.49065660432547 0 15.079261662490554 0 -0.004344460862234373 0 0 0.11175706616992752 0 4995.6684439591309
 129.50112541774735 0 15.05757308687852 0 -0.0027701427420313246 0 0 0.11131041135027643 0 4995.5978771210785
 129.50872165573486 0 15.060680463139338 0 -0.0013518887128972942 0 0 0.11106317565940101 0 4995.526150710657
 129.51389256679587 0 15.08185364367117 0 -0.0001400148384354614 0 0 0.11098020990146928 0 4995.4556491495141
 129.51706333835943 0 15.112341891415976 0 0.00080708699749540533 0 0 0.11101300626612894 0 4995.3917977738702
 129.51920036702296 0 15.15263371020872 0 0.0016555649828139912 0 0 0.11113424158947069 0 4995.3248314848443
 129.52070156990382 0 15.220392728360869 0 0.0026352485746658997 0 0 0.11142625986614937 0 4995.2286964031455
 129.52068878861311 0 15.3385034825746 0 0.0036742199646878576 0 0 0.11207191501552879 0 4995.078094481999
 129.51913462955017 0 15.466258024171607 0 0.0042201299480254832 0 0 0.11289561377757946 0 4994.9187895308678
 129.51764788160909 0 15.566087730677765 0 0.0043188308468529897 0 0 0.11361635935243636 0 4994.7875224820118
 129.51667902664576 0 15.649864883524682 0 0.0041796777416452813 0 0 0.11427806175200882 0 4994.6661642470108
 129.51647781732154 0 15.719962710300859 0 0.003877594609147563 0 0 0.11488312320049562 0 4994.5499889999346
 129.51721864859812 0 15.77658177769186 0 0.0034621009962094848 0 0 0.11542290308469914 0 4994.4379092186491
 129.5189940999135 0 15.819769233007342 0 0.0029755826629534804 0 0 0.11588857084133111 0 4994.3299736827012
 129.52182150197635 0 15.850073198096641 0 0.002454315376221144 0 0 0.11627589328634404 0 4994.2262687955481
 129.52565763149593 0 15.868466283456867 0 0.0019287080127461322 0 0 0.11658472431074081 0 4994.1268356097753
 129.53041326494863 0 15.876239775822375 0 0.0014233923567837864 0 0 0.11681830343891325 0 4994.0316410121604
 129.53596763868148 0 15.87489351967114 0 0.0009573710764447076 0 0 0.11698250677620418 0 4993.9405649195633
 129.5421833493852 0 15.866027731231348 0 0.00054427151557401028 0 0 0.11708509680490746 0 4993.8533830470487
 129.54902681965811 0 15.85097841753511 0 0.00018798305485988185 0 0 0.1171353730203266 0 4993.76850114236
 129.55788941449518 0 15.826716213159457 0 -0.00015340050266874131 0 0 0.11713753108807962 0 4993.6693453090666
 129.56894742360194 0 15.792562760054031 0 -0.00042561402579314534 0 0 0.1170778039519874 0 4993.5557030677255
 129.57950223006347 0 15.758626443845875 0 -0.00055067790380955222 0 0 0.11698325235964663 0 4993.4526087364302
 129.58784939090035 0 15.73225217485904 0 -0.0005664479379565877 0 0 0.1168962621541661 0 4993.3722335319153
 129.59528706789806 0 15.709940072234909 0 -0.00052327303124883923 0 0 0.11681789910141438 0 4993.2999487047691
 129.60213578687618 0 15.691006863389187 0 -0.00043846317796853053 0 0 0.11675109293795591 0 4993.2317174367463
 129.60852412284365 0 15.675290155710741 0 -0.00032247119932106406 0 0 0.11669883758221596 0 4993.1656401913206
 129.61452551888567 0 15.662761664589347 0 -0.00018312491696852987 0 0 0.11666393804126197 0 4993.1004663476297
 129.62019312263826 0 15.653443627350185 0 -2.6957781237535038e-05 0 0 0.11664914347826423 0 4993.0351819774605
 129.62557491905986 0 15.64738576506994 0 0.00014018846101551973 0 0 0.11665735633089817 0 4992.9688046553065
 129.63072463149857 0 15.644666620187063 0 0.00031282183859171519 0 0 0.11669196961637737 0 4992.9002029154708
 129.63571607500722 0 15.645419311780637 0 0.00048556081121609631 0 0 0.11675754198796222 0 4992.8278171954398
 129.64067515939274 0 15.649915677098818 0 0.00065293736503900773 0 0 0.11686152376972067 0 4992.7489957823673
 129.64589449206957 0 15.658898709476704 0 0.00080933924725131931 0 0 0.11702057819955074 0 4992.6575808485859
 129.65268124661264 0 15.676109250770978 0 0.00094887318499786992 0 0 0.1173081797842167 0 4992.5259134893495
 129.65762059991576 0 15.69061556457115 0 0.00098339247022734169 0 0 0.1175672761542052 0 4992.4232267466077
 129.66138994457103 0 15.701020824538801 0 0.00096807660309362149 0 0 0.11778012588453514 0 4992.3437168135288
 129.66484226765627 0 15.708973619971262 0 0.00092759944700151207 0 0 0.11797638424530155 0 4992.2719384599377
