# Created by Octave 8.3.0, Wed Apr 09 22:33:35 2025 -03 <santi@agc>
# name: x
# type: matrix
# rows: 296
# columns: 10
 96.901340204044601 0 24.700815101125873 0 0 0 0 0.23213822101178266 0 5000
 96.90144964241253 0 24.698406873996163 0 5.9859411672498957e-05 0 0 0.23213836011106123 0 4999.9919048410338
 96.901598759897311 0 24.694850898375304 0 0.00014798718755398203 0 0 0.2321390842548767 0 4999.979782817054
 96.901789303666192 0 24.68964081319222 0 0.00027652081739721452 0 0 0.23214130288517851 0 4999.9616462765325
 96.902002891435572 0 24.68209475785244 0 0.00046135259304357773 0 0 0.23214708870771983 0 4999.9345457111958
 96.902168259240071 0 24.671349866525158 0 0.00072151551630163691 0 0 0.23216100629242359 0 4999.8941282129435
 96.90209126204158 0 24.65642557139412 0 0.0010759830548472155 0 0 0.23219274657770589 0 4999.8340231529519
 96.901418847966468 0 24.638161405311145 0 0.0014961646047622376 0 0 0.2322545974004048 0 4999.7531923382912
 96.899898473376325 0 24.6193524181901 0 0.0019081030974315346 0 0 0.23235050421183021 0 4999.6599132026286
 96.89731406665409 0 24.600585743063498 0 0.0022899743213594887 0 0 0.23248652775769429 0 4999.5545147136236
 96.893461168308193 0 24.582193684430763 0 0.0026241014373038474 0 0 0.23266789875747262 0 4999.4368853978685
 96.888130817500269 0 24.564234595331364 0 0.0028955275968140805 0 0 0.23289936482749182 0 4999.3063443357114
 96.881077449972608 0 24.54643363562403 0 0.0030895282028427437 0 0 0.2331859276732727 0 4999.1612974671689
 96.871935596277567 0 24.527984913671386 0 0.0031865362345325754 0 0 0.23353491551328498 0 4998.9981406828019
 96.859897063593408 0 24.506762912363783 0 0.0031460112391451293 0 0 0.23396449985832163 0 4998.8067437901236
 96.841197272519253 0 24.472973428417514 0 0.0027815321950814299 0 0 0.23456955405287103 0 4998.5348662240076
 96.829532368865472 0 24.447502107882489 0 0.0023451246100778546 0 0 0.23490366215800618 0 4998.3702388415722
 96.819843455945318 0 24.420167489440242 0 0.0017941519120544126 0 0 0.23514529995289568 0 4998.2289027745373
 96.812699104310965 0 24.393004343347982 0 0.001198126526588923 0 0 0.23529027293921015 0 4998.1158962727177
 96.807609732656758 0 24.366335650131457 0 0.00058454284779062813 0 0 0.23536245799322308 0 4998.0244625504929
 96.804217083827908 0 24.341337876350536 0 -7.3308638849315256e-06 0 0 0.23538164459624641 0 4997.9518649884749
 96.801888494703434 0 24.31615141828777 0 -0.00061514140075059291 0 0 0.23536365960423708 0 4997.8885720978251
 96.800387315335271 0 24.289190253560861 0 -0.0012751308546674058 0 0 0.23531118681040372 0 4997.8294105213454
 96.799695401861143 0 24.257748538801874 0 -0.0020539011752582679 0 0 0.23521520711921995 0 4997.7692363291872
 96.800143019062347 0 24.217691860163526 0 -0.0030565508611922936 0 0 0.23505007946768089 0 4997.7032157145295
 96.802352302470709 0 24.167479483128663 0 -0.0043254338585760298 0 0 0.23479094164081774 0 4997.6331205405704
 96.804418536518298 0 24.136804795828645 0 -0.0051055176797497612 0 0 0.23461028822134336 0 4997.5956230923603
 96.808758838152627 0 24.085999951457566 0 -0.0062874700035633916 0 0 0.23428210380475437 0 4997.5402401157744
 96.815168253277022 0 24.023566351021159 0 -0.0074912011479875383 0 0 0.23384309652703669 0 4997.4800586922374
 96.827563486834009 0 23.919446405409658 0 -0.0090817433166316686 0 0 0.23305051611071398 0 4997.3918735372181
 96.851158718486801 0 23.745235468967856 0 -0.010965717218233511 0 0 0.23161060548565232 0 4997.2636706495441
 96.893640795885034 0 23.461576891276437 0 -0.012652526505501296 0 0 0.22906021549805577 0 4997.0782331877826
 96.941053027739713 0 23.163022286170769 0 -0.013026446142070266 0 0 0.22616061235646209 0 4996.889211815047
 96.977450593392064 0 22.938489588096612 0 -0.012407323869227681 0 0 0.22383591414024398 0 4996.7365576433467
 97.006720424593439 0 22.757292816912003 0 -0.011240037975130616 0 0 0.2218483299703386 0 4996.5944202669289
 97.02927017988614 0 22.614309550911589 0 -0.0097251261271618667 0 0 0.22017668081824482 0 4996.4565604241725
 97.045214328297618 0 22.507471410907005 0 -0.0080165192988001129 0 0 0.21882373057581983 0 4996.3209001517507
 97.054894300812279 0 22.434049540158252 0 -0.0062387291021388227 0 0 0.21778190714637694 0 4996.1866559496812
 97.058883632328914 0 22.390436436819261 0 -0.0044925722621826994 0 0 0.21703195724999097 0 4996.0539352164969
 97.057967340455662 0 22.372224788221562 0 -0.0028582693012160643 0 0 0.21654419485479739 0 4995.9236923302169
 97.053138231843334 0 22.374294116856035 0 -0.0013987096642079518 0 0 0.21627996703315172 0 4995.7979557505005
 97.045650747358593 0 22.39072449675016 0 -0.0001653445816678274 0 0 0.21619210559649044 0 4995.6805656876995
 97.037267578966251 0 22.414081517982972 0 0.00078476738004147823 0 0 0.21622188009579901 0 4995.5796059625927
 97.027617908657916 0 22.44363379293231 0 0.0016095171647714469 0 0 0.21633123486626288 0 4995.4809256636527
 97.013327734613611 0 22.489839193540437 0 0.0025251074380197715 0 0 0.21657179100769985 0 4995.3526577040866
 96.991337888597513 0 22.563288374680663 0 0.003496332386888248 0 0 0.21704126468458987 0 4995.1767388721328
 96.95425844992117 0 22.688039466018324 0 0.0043869538909659996 0 0 0.21796607335491033 0 4994.9049547571794
 96.915821720680384 0 22.814391920551291 0 0.0046210118631617239 0 0 0.21900226008233589 0 4994.630443952803
 96.885607218813917 0 22.909335354849176 0 0.0043985673684702456 0 0 0.2198301295404087 0 4994.4067135331579
 96.860736588273738 0 22.983054467701461 0 0.003955110166607754 0 0 0.22049944815134975 0 4994.2090182324237
 96.839264771936982 0 23.042073642492358 0 0.0033681826594032711 0 0 0.22105272445493809 0 4994.0211682882027
 96.821090726766386 0 23.087185747887109 0 0.0026990434588154066 0 0 0.22148775494056219 0 4993.8419678230957
 96.806098720619218 0 23.119414376607949 0 0.001998395867903529 0 0 0.22180693927053291 0 4993.6715637115212
 96.794100537097506 0 23.140174143428066 0 0.0013085224843450509 0 0 0.22201824978150866 0 4993.5109353914713
 96.784844007960686 0 23.151253485037088 0 0.0006649925361806178 0 0 0.22213491767120219 0 4993.3620493783228
 96.778042139104727 0 23.154804781813692 0 9.9452544422911357e-05 0 0 0.22217533697218564 0 4993.2285405221801
 96.772846122996029 0 23.152941888727874 0 -0.00041653034752695787 0 0 0.22215928704140539 0 4993.1017705402019
 96.768654678807138 0 23.145986055966805 0 -0.00092463346525486958 0 0 0.22208866700866395 0 4992.9691876317411
 96.765495345992278 0 23.133624693913809 0 -0.0014184979085571873 0 0 0.22195816693429576 0 4992.8287253861217
 96.763237550695663 0 23.112743009327843 0 -0.0019452435779385223 0 0 0.22173100332262782 0 4992.658173349746
 96.762453449896327 0 23.079307875810464 0 -0.0024805753623094269 0 0 0.22135517646002328 0 4992.4432283028336
 96.764183401983203 0 23.023700664711303 0 -0.0029770438320048409 0 0 0.22070151915191558 0 4992.1388410884219
 96.768178225439044 0 22.959634972259366 0 -0.0031783517909888051 0 0 0.21990081711938145 0 4991.8047774371626
 96.771865479175887 0 22.909704548419821 0 -0.0031053498663749031 0 0 0.21922955790450463 0 4991.5262924402987
 96.774664843457487 0 22.870934664245564 0 -0.002893019748374978 0 0 0.21866316385958171 0 4991.2765888805525
 96.776471439268462 0 22.840738674805991 0 -0.0025955239322652847 0 0 0.21817340571210111 0 4991.0372195313839
 96.77718195023823 0 22.818554823975649 0 -0.0022490181754521027 0 0 0.21775760086506091 0 4990.8035875158102
 96.776774608602892 0 22.803832767461476 0 -0.0018816523567239066 0 0 0.21741333055423742 0 4990.5733309859734
 96.775292193770881 0 22.795898106563964 0 -0.0015157530538419815 0 0 0.21713658916051312 0 4990.3449214655093
 96.772823055997463 0 22.793965538246759 0 -0.0011686732530504429 0 0 0.21692170218137657 0 4990.1171134927263
 96.769481342293247 0 22.797192251660434 0 -0.00085328148432760949 0 0 0.21676166688255555 0 4989.8885336695375
