# Created by Octave 8.3.0, Mon Apr 07 01:24:31 2025 -03 <santi@agc>
# name: x
# type: matrix
# rows: 248
# columns: 10
 129.51870291342851 0 11.176117197982716 0 0 0 0 0.068623092458467649 0 5000
 129.51851084911817 0 11.187515200521609 0 0.00034245374927540772 0 0 0.068623887582646287 0 4999.9894429170781
 129.51819590807892 0 11.204942672197275 0 0.00085273960736534046 0 0 0.068628049500087898 0 4999.9735092927513
 129.51766340101989 0 11.231817060571515 0 0.0016104744472032781 0 0 0.068640916034702487 0 4999.949389281498
 129.51673045836185 0 11.273743244605249 0 0.0027295838785489452 0 0 0.068674924522355477 0 4999.9127184401386
 129.51503264971223 0 11.340146864787011 0 0.004368310090693662 0 0 0.068758366560368572 0 4999.8566191625532
 129.51182662032113 0 11.4472590411232 0 0.0067347516189234825 0 0 0.06895420991043949 0 4999.7700515506749
 129.50557633312704 0 11.623466095859374 0 0.010073004649785418 0 0 0.069399111233020561 0 4999.6349060907996
 129.49311084848435 0 11.918203415303857 0 0.014591243472556376 0 0 0.070379145670443261 0 4999.4208264022391
 129.4680434257458 0 12.413755084737421 0 0.020242220412365224 0 0 0.072457966973492022 0 4999.0762157247273
 129.41848803655338 0 13.229235282897536 0 0.026187603852823933 0 0 0.076623297157655784 0 4998.5142351902678
 129.35624629589395 0 14.101274132365418 0 0.029305750210727861 0 0 0.081798876910233728 0 4997.8851559441482
 129.29853921843505 0 14.821046232736457 0 0.029742310420318756 0 0 0.086548591512708398 0 4997.3173026028326
 129.24555655867854 0 15.430008931856422 0 0.028556642553489473 0 0 0.090916186596987081 0 4996.7770990358822
 129.19820216400771 0 15.942087355856932 0 0.02623103878788029 0 0 0.094888240611342878 0 4996.2512269205172
 129.15808601406641 0 16.35693400768249 0 0.023111408091888958 0 0 0.098385390478271231 0 4995.7398889661226
 129.12640558887929 0 16.675157597350925 0 0.019498823723336865 0 0 0.1013445371473239 0 4995.2459128710843
 129.10366592583745 0 16.90115878409603 0 0.015653147635097998 0 0 0.10373722161563666 0 4994.7717855425999
 129.08973020799397 0 17.042557613130583 0 0.01179391821802993 0 0 0.10556561233687753 0 4994.3195948773673
 129.08391631203253 0 17.109523922043902 0 0.0081012076711410325 0 0 0.10685780388434132 0 4993.8912561027355
 129.08510314397964 0 17.114221186724674 0 0.0047181609417747718 0 0 0.10766345912260668 0 4993.4890612631398
 129.09180198560693 0 17.070607973567075 0 0.0017573226095909797 0 0 0.10805094270193236 0 4993.1169409264694
 129.10208879612708 0 16.995314837106541 0 -0.00068195568199168506 0 0 0.10810902756265338 0 4992.7840055708566
 129.1128839529963 0 16.913508250563901 0 -0.0024359971682372345 0 0 0.10796781708342193 0 4992.5198291283859
 129.12932089433292 0 16.786844493711882 0 -0.0043683030288265666 0 0 0.10757132835626126 0 4992.1876750008287
 129.15766035146919 0 16.566241834703177 0 -0.006553413160450763 0 0 0.10661482130815442 0 4991.7046701012077
 129.19675528129864 0 16.261809479278636 0 -0.0081251876303103654 0 0 0.10497390854411527 0 4991.1100378325018
 129.22785788220227 0 16.022635873631252 0 -0.0084849274428226706 0 0 0.10349417560185646 0 4990.6468031517943
 129.25268103275823 0 15.836197858996115 0 -0.008256922110289569 0 0 0.10223285387489732 0 4990.2598316563435
 129.27441957629077 0 15.678596833349244 0 -0.0076651411135927909 0 0 0.10108415498001548 0 4989.8914503891892
 129.2932954061263 0 15.548735453413141 0 -0.0068143934642274865 0 0 0.10006452244169244 0 4989.5322793695068
 129.30929313368171 0 15.446878280918828 0 -0.005795413528040934 0 0 0.099195787754226647 0 4989.1799353903079
 129.32249334932567 0 15.372120158147023 0 -0.0046872060324587598 0 0 0.098489264055086984 0 4988.8333089872094
 129.33305940549599 0 15.322524707243893 0 -0.003557328893181326 0 0 0.097946749478166922 0 4988.4923322032482
 129.34121874998277 0 15.295314936019883 0 -0.0024620878734497005 0 0 0.097561826278914285 0 4988.1580569008347
 129.34724486797393 0 15.287037718109971 0 -0.0014472582520493032 0 0 0.09732106019022356 0 4987.8330601261896
 129.35144054540626 0 15.29363116001084 0 -0.00055004530653318922 0 0 0.097204732959372278 0 4987.5225456891576
 129.35412063191001 0 15.310211211535037 0 0.00019542241100469165 0 0 0.097186205176059914 0 4987.2375400553046
 129.35582256105315 0 15.334588753602938 0 0.00084601240574635193 0 0 0.097240731574404771 0 4986.9572407574915
 129.35683211225501 0 15.370299577972236 0 0.0014845776054261 0 0 0.097379537010252509 0 4986.635541124986
 129.3569430371237 0 15.432252831717005 0 0.002200394531049163 0 0 0.09769650945440686 0 4986.1683631404694
 129.35572391399756 0 15.515067294481874 0 0.002739516831577974 0 0 0.098206512877518123 0 4985.6039750537202
 129.3540906342472 0 15.590050974524848 0 0.0029452220066297037 0 0 0.0987321118328673 0 4985.0953670924891
 129.3527195210099 0 15.652141613175605 0 0.0029357095227756477 0 0 0.09921249640198887 0 4984.6449725339353
 129.3518064677564 0 15.704169174992037 0 0.0027911578721937242 0 0 0.099652978840421014 0 4984.2210902865872
 129.35147457387185 0 15.747203622456393 0 0.0025513380793098952 0 0 0.10005400753342711 0 4983.8083633907818
 129.35181466344611 0 15.781078507707191 0 0.0022476975780215108 0 0 0.10040782457745949 0 4983.4044506756172
 129.35286294389587 0 15.805973523162802 0 0.0019071380551385316 0 0 0.10070986202338347 0 4983.0080134370646
 129.3546112514172 0 15.822385829577859 0 0.0015524752842050612 0 0 0.10095852766101639 0 4982.6181052460597
 129.35701733047563 0 15.831063511745667 0 0.0012025458986731723 0 0 0.10115477645546782 0 4982.2338774858354
 129.36001551941186 0 15.832927835363314 0 0.0008722719474135675 0 0 0.10130161211509618 0 4981.8543469107617
 129.36352884596735 0 15.828989546583328 0 0.00057276210773834449 0 0 0.1014035628432358 0 4981.4780595320663
 129.36767911867841 0 15.819747238034829 0 0.00030032856743124749 0 0 0.10146819902305024 0 4981.0848319850693
 129.37303998446973 0 15.803747983550673 0 4.2932584532884418e-05 0 0 0.10149794533930602 0 4980.6213176401743
 129.38151071844266 0 15.774010498311709 0 -0.00020052843787770155 0 0 0.10147513023186856 0 4979.9324091351082
 129.3884423167612 0 15.748276193606658 0 -0.00027752806438254094 0 0 0.10142232753015194 0 4979.37350004994
 129.39375904789887 0 15.728919110060756 0 -0.00026987475183917802 0 0 0.1013744230000021 0 4978.9292255680712
 129.39839796317787 0 15.712989756686191 0 -0.00021781049001555025 0 0 0.10133484585585391 0 4978.5184069655443
 129.40257139072375 0 15.699962142620331 0 -0.00013502598996413409 0 0 0.10130693711724449 0 4978.119531443238
 129.40635484205069 0 15.689738760045374 0 -3.0203341533983666e-05 0 0 0.10129384663607841 0 4977.7223904448119
 129.40978913889339 0 15.682315176189453 0 8.9873584211994819e-05 0 0 0.10129856487457216 0 4977.3192332254166
 129.41290258907983 0 15.677724014335547 0 0.000219320716818447 0 0 0.10132423441140757 0 4976.9022937851169
 129.4157208419673 0 15.676029089997149 0 0.00035266625293397987 0 0 0.10137463605053579 0 4976.4618040400464
 129.41827551380459 0 15.677355654405934 0 0.00048452629404516201 0 0 0.1014552351699801 0 4975.9825590165883
 129.42062251758321 0 15.682015588793835 0 0.00060931306748222792 0 0 0.10157636418205469 0 4975.4339496837356
 129.42293767083055 0 15.691243526276494 0 0.00072111274256490528 0 0 0.10177055641442409 0 4974.7158752822515
 129.42477505189805 0 15.702870614816485 0 0.00077567362128303863 0 0 0.10201600778636676 0 4973.9151858115292
 129.42585180721343 0 15.71127793031777 0 0.00077339817942587293 0 0 0.10221879539308994 0 4973.2797148362697
 129.42663063039046 0 15.717307584084752 0 0.00074593997909578398 0 0 0.10240002947602161 0 4972.704465333094
 129.42725685880617 0 15.721372380512802 0 0.00070451870330805525 0 0 0.10257162968925901 0 4972.1379061800508
 129.42776356934354 0 15.723531239624027 0 0.00065604012149321717 0 0 0.10273861441711118 0 4971.5545476999068
