# Created by Octave 8.3.0, Mon Apr 07 08:05:26 2025 -03 <santi@agc>
# name: x
# type: matrix
# rows: 120
# columns: 10
 129.04976275379414 0 15.689446554593685 0 0 0 0 0.10352967749835425 0 5000
 129.04976275411187 0 15.689446246150387 0 3.984484341413576e-11 0 0 0.10352967749860079 0 4999.9634689597624
 129.04976282650605 0 15.689444631739693 0 4.8683609555482542e-10 0 0 0.10352967750423142 0 4999.9086724218178
 129.04976308945132 0 15.689439659411724 0 3.0851344669751762e-09 0 0 0.10352967756412544 0 4999.8264777317645
 129.0497638045843 0 15.689426611776232 0 1.4734243404104887e-08 0 0 0.1035296780208009 0 4999.7031861797823
 129.04976550267045 0 15.68939502829044 0 6.0380431380178804e-08 0 0 0.10352968093718258 0 4999.5182506618494
 129.04976910365897 0 15.689322773115194 0 2.2432862893471997e-07 0 0 0.10352969762637688 0 4999.240853802432
 129.04977557296905 0 15.689166563137556 0 7.7210825931846213e-07 0 0 0.10352978572231282 0 4998.8247804312805
 129.04978295569475 0 15.688854397814705 0 2.4614278279788797e-06 0 0 0.10353021715552344 0 4998.200743128933
 129.04977274603036 0 15.688308227527539 0 7.1152922119893431e-06 0 0 0.10353214951989916 0 4997.2649240112141
 129.04966240470603 0 15.687556989955191 0 1.7820330684857703e-05 0 0 0.103539782934244 0 4995.8619656345445
 129.04922034393658 0 15.686891677224503 0 3.5203629131934206e-05 0 0 0.10356291482588852 0 4993.8896538578592
 129.04801678613129 0 15.686380571483843 0 5.4150939219710619e-05 0 0 0.10361399641408844 0 4991.3217943389654
 129.04512689082895 0 15.685419142064498 0 7.3548431063486441e-05 0 0 0.10370941134186942 0 4987.9652132552765
 129.03857116428611 0 15.683731577239968 0 9.7861380686009819e-05 0 0 0.10387434653030311 0 4983.673550471096
 129.02706890393057 0 15.681735728979373 0 0.0001200289494649015 0 0 0.1041007390889357 0 4979.105382594993
 128.99959269879039 0 15.677890805039146 0 0.00014103496076474004 0 0 0.10450821937999968 0 4972.3835851401436
 128.93310163178404 0 15.670098458203423 0 0.00014548028819828386 0 0 0.10518304527372881 0 4962.6343319094558
 128.82891257422034 0 15.659024315923892 0 0.00011364775196812051 0 0 0.10584278661572982 0 4952.5478700728218
 128.71362865124269 0 15.647221009863172 0 6.0067302929924105e-05 0 0 0.10623987887299169 0 4943.7791040347947
 128.60573075142537 0 15.636238175307478 0 3.6046751004812158e-06 0 0 0.10636574958156046 0 4936.2961120620103
 128.50170835597521 0 15.625518753733067 0 -5.1119869498758133e-05 0 0 0.10627332359350568 0 4928.9819866570042
 128.4044023384254 0 15.615188011605117 0 -9.783785562075619e-05 0 0 0.10597631624906352 0 4921.3684455579642
 128.3155015902766 0 15.605195623803136 0 -0.0001295196891714142 0 0 0.10547381971962222 0 4912.7125545054514
 128.23548615145808 0 15.595009015815629 0 -0.0001308279483240415 0 0 0.10471477404838446 0 4900.8960080802826
 128.1975412762288 0 15.588735545127312 0 -9.5666249205884039e-05 0 0 0.10413906199840786 0 4890.1213548486248
 128.18129408720975 0 15.584673377440247 0 -4.3919191373698793e-05 0 0 0.10382475675645447 0 4880.2982155133932
 128.17190318504186 0 15.581520669450748 0 1.0262786576221065e-05 0 0 0.10375617457049061 0 4871.2660906910196
 128.15900477475734 0 15.57821573266301 0 6.0804464623567257e-05 0 0 0.10390052651070267 0 4862.3626403997278
 128.13331256139034 0 15.573851166853821 0 0.0001013994748671902 0 0 0.10424735369547659 0 4853.1264560760019
 128.08036579925729 0 15.5670002983211 0 0.00012305187583164901 0 0 0.10480398787165794 0 4842.734521289658
 127.98041464188226 0 15.55585008050536 0 0.00010819300474360576 0 0 0.10549506604942964 0 4830.7498258384558
 127.86359168661525 0 15.543601487723869 0 6.2735450320754497e-05 0 0 0.10594793385348804 0 4820.4706981887184
 127.75740816492343 0 15.532630616103347 0 1.2368377930306537e-05 0 0 0.10610972901883785 0 4812.2354080534915
 127.6564777408466 0 15.52211182913214 0 -3.6767838080951807e-05 0 0 0.10605945076216214 0 4804.4474372900586
 127.56122342518985 0 15.511910974898353 0 -7.921234517595016e-05 0 0 0.10581648426019832 0 4796.4121936966003
 127.47316751322488 0 15.501963033104614 0 -0.00010801370127594425 0 0 0.10538471213140155 0 4787.378581371413
 127.39097838991853 0 15.491570377382493 0 -0.0001091137588728803 0 0 0.10472600436598889 0 4775.1554041165627
 127.34746665933316 0 15.48477541005491 0 -7.6797814947203609e-05 0 0 0.10422968196332791 0 4763.9649391777284
 127.32412651978623 0 15.480072145631885 0 -3.0015993265985048e-05 0 0 0.10397780360940576 0 4753.8278874061107
 127.30649175696469 0 15.4761698496806 0 1.7988506515032328e-05 0 0 0.1039522376007864 0 4744.4850166727592
 127.2838631752735 0 15.471965171417766 0 6.1225778169197209e-05 0 0 0.10412342877831567 0 4735.1982961759759
 127.24584432685499 0 15.466427219622151 0 9.3104243575149709e-05 0 0 0.10448242882517826 0 4725.3693183532323
 127.17191462031622 0 15.457478782295494 0 0.00010245266141650319 0 0 0.1050470126845813 0 4713.5754249402908
 127.07418267362669 0 15.446763221029666 0 7.9511269856403491e-05 0 0 0.10554302526596232 0 4702.7869485453703
 126.96577205729324 0 15.435320872046912 0 3.7121021565982025e-05 0 0 0.10583720471752588 0 4693.0310303350925
 126.86468969163026 0 15.42470742262053 0 -7.7960261870337541e-06 0 0 0.10590184149145775 0 4684.5488499701833
 126.76885016595246 0 15.414480623782858 0 -4.9300132344560819e-05 0 0 0.10577768162343651 0 4676.2271170716185
 126.67878056280948 0 15.40449799865244 0 -8.1469887160419944e-05 0 0 0.10547770681853709 0 4667.320793442288
 126.59423106070533 0 15.394403504290946 0 -9.5422524409257957e-05 0 0 0.10499726455012939 0 4656.5455884605926
 126.52559308718199 0 15.384934426071109 0 -7.4743618791557395e-05 0 0 0.10443996052073065 0 4643.1934282412003
 126.48925869891363 0 15.378826705741199 0 -3.3540826512010993e-05 0 0 0.10414888903013769 0 4631.8763804262544
 126.4636912298734 0 15.374121645019304 0 9.454548745309366e-06 0 0 0.10409360661178806 0 4622.0351435947878
 126.43497359032736 0 15.369300495813919 0 4.8569235914024808e-05 0 0 0.10422593595487918 0 4612.3852004778046
 126.39223827074234 0 15.363264025164012 0 7.7452379345845063e-05 0 0 0.104533304659734 0 4602.2058361789541
 126.31481466362078 0 15.353891920309875 0 8.5504544082317855e-05 0 0 0.10502728626352213 0 4589.9355116346742
 126.1933143554531 0 15.340505135593757 0 5.6573058186549819e-05 0 0 0.10552233158135763 0 4576.3274209379433
 126.07978267867843 0 15.328399873259958 0 1.3449970606348969e-05 0 0 0.105715622992078 0 4565.6819402042656
 125.98300477336663 0 15.318038310818707 0 -2.5717047190898749e-05 0 0 0.10568694883849487 0 4556.8109204127941
 125.89186096161565 0 15.308017537866501 0 -5.8541772352500648e-05 0 0 0.10548967577881163 0 4547.7676863152437
 125.80545068347588 0 15.297988402269405 0 -7.8288044371418384e-05 0 0 0.10513103681856763 0 4537.480462899025
 125.71449390508094 0 15.286155884708226 0 -6.7372050562380242e-05 0 0 0.10456832702980089 0 4522.0795070798695
 125.66574423952946 0 15.278681992454397 0 -3.0272673954852407e-05 0 0 0.10427000225307846 0 4509.4407100832677
 125.63265941010717 0 15.273230162383868 0 8.1323654485818806e-06 0 0 0.10421580099442578 0 4499.0970902367517
 125.59696997184086 0 15.267723046642566 0 4.2621339550347316e-05 0 0 0.10433851475299272 0 4489.0200829736805
 125.54672916434325 0 15.260927671882687 0 6.6882641167315056e-05 0 0 0.1046237642876937 0 4478.303921041027
 125.45656734635668 0 15.250191684739599 0 6.9275640026223565e-05 0 0 0.10508506040759241 0 4464.7992103207525
 125.35373736392279 0 15.238816904437492 0 4.4613830559968567e-05 0 0 0.10542601295753698 0 4453.1043731575292
 125.2520553683872 0 15.227832193793894 0 9.3642018131433321e-06 0 0 0.10556812717603563 0 4442.9243885907154
 125.15755402960581 0 15.217566599900886 0 -2.5008686025530608e-05 0 0 0.10552975977773382 0 4433.5676335861272
 125.06790749426604 0 15.207548753988645 0 -5.2855705266895606e-05 0 0 0.10533550630790164 0 4423.9126905469211
