# Created by Octave 8.3.0, Sat Apr 19 17:25:38 2025 -03 <santi@agc>
# name: def
# type: matrix
# rows: 5
# columns: 7
 0 -0 -0 0 -0 0 -0
 0.094812857465855563 0.48061656481783394 1 1 -1 0.20867516514076884 -0.84731951107229075
 0.33359285492875912 0.9296973427229529 0.56452284907501593 -0.59137439737196629 0.43951999849489026 -1 0.32569698453811424
 0.65195718221157983 0.39759257240808132 -0.86697120369843161 0.092424823275846724 -0.25610290876535585 0.80393288773371419 1
 1 -1 0.45267583816390855 0.24632397755625193 0.15044442984426787 -0.44943674784720195 -0.58131391051518133


# name: W
# type: matrix
# rows: 7
# columns: 1
 2.4654867453648839
 12.795311010057976
 30.098854396139227
 49.143139360355619
 71.648758023857823
 91.561640078930893
 99.496457116976757


