# Created by Octave 8.3.0, Fri Apr 18 22:39:00 2025 -03 <santi@agc>
# name: def
# type: matrix
# rows: 100
# columns: 7
 0 0 0 0 0 0 0
 0.00017739512481464501 0.0011124514423006399 0.0030891233632131727 0.0059863160407167991 0.0097730518016652338 0.014402256000908496 0.019831138738398479
 0.00070631107027365825 0.004377158325416762 0.012021577740916405 0.0230256220804087 0.037140177931245924 0.054053666011452756 0.073474305200946027
 0.0015818437201836405 0.0096851563929282059 0.026295139515002511 0.049739566090292911 0.079178266295074837 0.11363732175808001 0.15219718982521488
 0.002799089052601976 0.016927505038760043 0.045408093957180047 0.084753532312599883 0.13298063096811219 0.18788949965952867 0.24740801594774212
 0.0043531432477351695 0.025995313825695854 0.068859794495560497 0.12670065758880553 0.19567425512017389 0.27165407897503091 0.35079541512750317
 0.0062391028379867267 0.036779778701030018 0.096151412722694063 0.17422710655147608 0.26444191792599631 0.35995057363330629 0.45449822569069664
 0.0084520648995528927 0.049172227363509298 0.12678685941805173 0.22599839853331166 0.33654801481427071 0.44805100876192899 0.5512902244184863
 0.010987127284958311 0.063064173236156387 0.16027385693073745 0.28070658104916907 0.40936690381909208 0.53156103710849878 0.63476562055406527
 0.013839388895928744 0.078347377500236098 0.1961251433771683 0.33707804766331306 0.48041264483911256 0.60650092526653809 0.69951229059950182
 0.017003949995994961 0.094913918646559362 0.2338597892595479 0.39388180209333246 0.54736904433564848 0.6693823488566506 0.74126121343250195
 0.020475912562224249 0.11265626900157405 0.27300460730938586 0.44993797562187887 0.60811897599221398 0.71727731949427953 0.757002356359467
 0.024250380675474918 0.13146737768728228 0.31309563661050477 0.50412641135547875 0.66077201824522835 0.74787602067377368 0.74505932130330577
 0.028322460948568998 0.15124075947600751 0.35367968236160824 0.55539513662464057 0.70368953208331986 0.75953084739112431 0.705117326308766
 0.032687262991779528 0.17187058900343008 0.39431589300248548 0.60276855387175154 0.73550639640811577 0.75128451521368056 0.63820149698519568
 0.037339899915029444 0.19325179980614415 0.4345773568524961 0.64535519070601532 0.75514872249685994 0.72288071588414149 0.54660489167010107
 0.04227548886619821 0.21528018765331258 0.47405270089659474 0.68235486137554247 0.76184698232700554 0.67475643374564986 0.43376809380001363
 0.047489151604933125 0.23785251764578971 0.51234767490357103 0.71306510464911677 0.75514410605430426 0.60801568421474783 0.30411448497664428
 0.052976015111364148 0.26086663456041992 0.5490867046735175 0.73688677692512961 0.73489822988426379 0.52438507530971867 0.16284737555378812
 0.058731212229118951 0.28422157592207603 0.58391439888618757 0.75332869418340032 0.70127990486320191 0.42615220874129056 0.015716936660485573
 0.064749882342039142 0.30781768729141573 0.61649699475767883 0.762011232039294 0.65476370752864421 0.31608851153666168 -0.13123372007588224
 0.071027172083994089 0.33155673926232043 0.64652372850793893 0.76266880950489446 0.5961143226100365 0.19735860677830683 -0.27193298546457489
 0.077558236081197621 0.35534204566953326 0.67370811749354254 0.75515119895135185 0.5263672937455286 0.07341877844352783 -0.40054486173468806
 0.084338237726423057 0.37907858251416238 0.69778914176606988 0.7394236220311714 0.44680475819403637 -0.052092551879111777 -0.51172182928314469
 0.091362349984524707 0.40267310712245125 0.71853231377273041 0.71556560878136555 0.35892659356922685 -0.17546914949807579 -0.60083598590519527
 0.098625756228664638 0.42603427706155161 0.73573062591871363 0.68376861460466032 0.26441750663034785 -0.29305273736178916 -0.66417885068274762
 0.1061236511066521 0.44907276834496107 0.74920536675566518 0.64433240712894269 0.16511068423679842 -0.40134679540998602 -0.69912151756435092
 0.11385124143680055 0.47170139246981618 0.75880679764287684 0.59766025188713767 0.062948703031447131 -0.49712501505716161 -0.70422849561112932
 0.12180374713270849 0.49383521183835005 0.76441468284209757 0.54425294215449094 -0.040057544159122521 -0.57753118444753759 -0.67932051264779925
 0.12997640215637646 0.51539165312652335 0.76593866714783221 0.4847017339460839 -0.14187110196450448 -0.64016752927092524 -0.62548370341722281
 0.13836445549906468 0.53629061817412615 0.76331849631674786 0.41968026193947217 -0.24047155464103301 -0.68316887520812375 -0.54502486057695676
 0.14696317218930943 0.55645459198248914 0.75652407673649691 0.34993552577993259 -0.3338971344727607 -0.70526042083507934 -0.44137470064548989
 0.15576783432750957 0.57580874741836185 0.7455553719595428 0.27627804869464834 -0.4202855009317023 -0.70579740097922061 -0.31894329038238128
 0.16477374214649632 0.5942810462354482 0.73044213491523979 0.19957132144691864 -0.49791237937064747 -0.68478546497183235 -0.18293379864954726
 0.1739762150975116 0.61180233603856948 0.7112434757969649 0.12072065427638509 -0.56522728913167442 -0.6428811752772724 -0.039122498587071529
 0.18337059296100647 0.62830644282940373 0.68804726679411821 0.040661567488687628 -0.62088564804336088 -0.58137263181240229 0.10638562994708332
 0.1929522369816897 0.64373025878720791 0.66096938599477817 -0.039652142311846425 -0.66377661214608574 -0.5021408275661533 0.24741531792281946
 0.20271653102724768 0.6580138249528581 0.63015280391735129 -0.11926051878002647 -0.69304609462853806 -0.40760292356048544 0.37798247427412651
 0.21265888277016387 0.67110040849991404 0.59576651723229834 -0.19720960084451336 -0.70811450461618108 -0.30063917798302803 0.49254760595395131
 0.22277472489206959 0.68293657429219101 0.55800433530180538 -0.27256347091289779 -0.70868885263010506 -0.18450575880322567 0.58625043778006769
 0.23305951631005908 0.69347225044349081 0.51708352619010256 -0.34441605190697261 -0.6947689830490994 -0.062736096269394401 0.65511577788178099
 0.24350874342440576 0.70266078761167039 0.47324332977409533 -0.41190251149785428 -0.66664781242776028 0.060966221630865458 0.69622189507459853
 0.25411792138711775 0.7104590117760835 0.42674334650770768 -0.47421013642608123 -0.62490557362327992 0.18283975196641411 0.70782426494742245
 0.26488259539078035 0.71682727026458293 0.37786181125850143 -0.53058854603274974 -0.57039818687949284 0.29917928220278855 0.68942943445321703
 0.27579834197712605 0.72172947081368011 0.326893762436819 -0.5803591220149642 -0.50423999783564233 0.40644822902730177 0.64181587017550579
 0.2868607703647888 0.72513311346311826 0.27414911737147302 -0.62292354085151358 -0.42778123643460852 0.5013859334579579 0.56700090353996668
 0.29806552379569146 0.72700931510395295 0.21995066554765719 -0.65777130620435442 -0.3425806575762127 0.58110659055927005 0.46815517181636745
 0.30940828089952993 0.72733282651721975 0.16463199190861494 -0.68448619075284534 -0.25037392190929081 0.64318680656718485 0.34946817992272194
 0.32088475707581277 0.72608204175843638 0.10853534292951005 -0.70275151020852822 -0.15303836139003296 0.68573912193727826 0.2159706804489642
 0.33249070589292401 0.72323899976134087 0.05200944859701203 -0.712354166524652 -0.052554847392470808 0.70746926529931808 0.073321400203325615
 0.34422192050368272 0.71878937805257315 -0.00459268623076771 -0.71318741237830896 0.04903246225596599 0.70771539757597246 -0.072432846796518055
 0.35607423507687352 0.71272247848725301 -0.060916007354071593 -0.70525230467982503 0.14965767812450032 0.68646815259161587 -0.21511349146019823
 0.36804352624422859 0.70503120493363158 -0.1166056397526917 -0.68865783095809896 0.24727519055147551 0.64437086378125452 -0.34867212119866337
 0.38012571456235095 0.6957120328531774 -0.17130910511946285 -0.66361970878548882 0.33990128319369467 0.58269996834332471 -0.46744686832401044
 0.39231676598906512 0.68476497074049347 -0.2246785144340431 -0.63045787473930326 0.42565450279224726 0.50332618215772817 -0.56640240675009446
