# Created by Octave 8.3.0, Sun Apr 06 20:27:11 2025 -03 <santi@agc>
# name: x
# type: matrix
# rows: 216
# columns: 10
 128.60006511154563 0 19.026908663948134 0 0 0 0 0.14688848284998235 0 5000
 128.60063268580919 0 19.018524854271021 0 -0.00025788710284050862 0 0 0.14688788407621645 0 5000.0000192636808
 128.6015186134407 0 19.005698594824434 0 -0.00064215961278239666 0 0 0.14688474992142128 0 5000.0001202593476
 128.60292424877761 0 18.985903113886806 0 -0.0012127688222932126 0 0 0.14687506074733736 0 5000.0004333359184
 128.60520187814197 0 18.954984503418622 0 -0.00205549110620212 0 0 0.14684945080228959 0 5000.0012642769152
 128.60898707347536 0 18.905936813457796 0 -0.003289438016760203 0 0 0.14678661633123524 0 5000.0033157900953
 128.6154540394399 0 18.826653870767984 0 -0.0050711413865648942 0 0 0.14663914630433256 0 5000.0081762983846
 128.62679219947006 0 18.695877896229543 0 -0.007583836372138596 0 0 0.1463041668396578 0 5000.0193762384615
 128.6470177088849 0 18.476410036841447 0 -0.010982416528042268 0 0 0.14556642567904626 0 5000.044588079686
 128.68305005250605 0 18.10594799397753 0 -0.015225471583133653 0 0 0.14400231782366252 0 5000.0998849980861
 128.74398590771114 0 17.495171230879659 0 -0.019677711333591537 0 0 0.14087132794816942 0 5000.2166047890241
 128.80790255335941 0 16.848951802751436 0 -0.021994029319019559 0 0 0.13702638883927262 0 5000.3694474650847
 128.86020678640097 0 16.309219850409207 0 -0.022332771612292544 0 0 0.13345957951008891 0 5000.521133754316
 128.9035414802936 0 15.851623049664408 0 -0.021451673868294236 0 0 0.13017444626400504 0 5000.670943004714
 128.93919775522625 0 15.466294017802413 0 -0.019712256562574255 0 0 0.12718429561797737 0 5000.8182563138216
 128.96747180193535 0 15.153682093077164 0 -0.0173740158194087 0 0 0.1245494960610094 0 5000.9602182476201
 128.98867816397328 0 14.913542168542904 0 -0.014663179930739722 0 0 0.1223185102163232 0 5001.0940092419805
 129.00331557167041 0 14.742724800843806 0 -0.011775243725591014 0 0 0.12051354284081729 0 5001.2175646174046
 129.01201507262076 0 14.635604324500385 0 -0.0088755139313746075 0 0 0.11913353845624523 0 5001.3295244581714
 129.01550611740947 0 14.584587580112608 0 -0.0060996748752158939 0 0 0.11815772528626782 0 5001.4291306814694
 129.01460654426589 0 14.580542398692899 0 -0.0035556517696557362 0 0 0.11754891835489427 0 5001.5160737049482
 129.01024789792376 0 14.612959764348195 0 -0.0013283431422701879 0 0 0.11725570611642699 0 5001.5902407286676
 129.00359081304765 0 14.669310833797539 0 0.00050732318698835412 0 0 0.11721119716988124 0 5001.6511533775074
 128.99655984472531 0 14.730686175502909 0 0.0018284336270584769 0 0 0.11731736691631675 0 5001.6957301097482
 128.9857719842463 0 14.825477918164717 0 0.0032802335549562654 0 0 0.1176151308806163 0 5001.7468717943448
 128.96679240201516 0 14.99065731481031 0 0.0049256635117802244 0 0 0.118333974710239 0 5001.8122280047355
 128.93939402746216 0 15.221776461172277 0 0.0061263186348908582 0 0 0.11958639650347166 0 5001.8804755833071
 128.91688408657646 0 15.403252963898748 0 0.0063992383597429757 0 0 0.12071744865624796 0 5001.9256066740581
 128.89864774491923 0 15.543304074356968 0 0.0062260085621908918 0 0 0.12167320509778948 0 5001.9595273429541
 128.88238380853744 0 15.661553955243019 0 0.0057798177240856929 0 0 0.12254361476418762 0 5001.99034358886
 128.86806053713789 0 15.758860952795704 0 0.0051395039082141342 0 0 0.12331644613783167 0 5002.0201436869611
 128.85579862406743 0 15.835055443925731 0 0.0043732772887728573 0 0 0.12397531575290734 0 5002.0500477171272
 128.84562030532882 0 15.890841836824626 0 0.0035404713566998198 0 0 0.1245117482885089 0 5002.0807867734657
 128.83745639277529 0 15.927692937288292 0 0.0026917635962377452 0 0 0.12492441333190187 0 5002.1127558921607
 128.83116237878644 0 15.947705552784125 0 0.0018693232399693629 0 0 0.12521813529681353 0 5002.146029082749
 128.8265373781939 0 15.953475751958798 0 0.0011073381099137684 0 0 0.12540297287361901 0 5002.1803343022002
 128.82334353669393 0 15.948045928164131 0 0.00043342683194511436 0 0 0.12549363458884799 0 5002.2149421826671
 128.8213255049298 0 15.935058118562944 0 -0.00012745856313453444 0 0 0.12550988061696791 0 5002.2482962153708
 128.81998270803365 0 15.914095110669098 0 -0.00065894061234865659 0 0 0.12546404430157659 0 5002.2857110737386
 128.81928710447033 0 15.882601294748664 0 -0.0011771994444876063 0 0 0.12534020197730902 0 5002.3311454739123
 128.8194415718317 0 15.828726327424929 0 -0.0017250001606577954 0 0 0.12505965614938402 0 5002.3992708283395
 128.82062856912205 0 15.756219988630294 0 -0.0020933625274026446 0 0 0.12460282236785648 0 5002.4871243765338
 128.82172138933873 0 15.699748070155364 0 -0.0021647903996829562 0 0 0.12419677800122819 0 5002.558924167246
 128.82237196247905 0 15.65740808714934 0 -0.0020983106806212373 0 0 0.12386164339931371 0 5002.618359278862
 128.82259614929464 0 15.622039417356524 0 -0.0019492308764561908 0 0 0.1235557077291257 0 5002.6750784796332
 128.82232557275239 0 15.593424472033025 0 -0.0017425266789603681 0 0 0.12328247080489446 0 5002.7297722685853
 128.82152638025363 0 15.571548644667317 0 -0.0014995521641101934 0 0 0.12304646781980001 0 5002.7824100365979
 128.82019888737949 0 15.556145857638494 0 -0.0012385916370155319 0 0 0.12284991694625638 0 5002.8329420963682
 128.81837015780499 0 15.546735100502474 0 -0.00097498669584153061 0 0 0.1226929636712759 0 5002.881342396432
 128.81608717116515 0 15.542673241756164 0 -0.00072118163213496177 0 0 0.12257403214305157 0 5002.9276226084485
 128.81338615110101 0 15.543231748608335 0 -0.00048491017790233741 0 0 0.12248962587720817 0 5002.9722057748932
 128.81001329264308 0 15.548302522357051 0 -0.00025489558758502371 0 0 0.12243293623696619 0 5003.0192463439407
 128.80572093683151 0 15.558610410100268 0 -3.706217758351482e-05 0 0 0.12240747783212146 0 5003.0710399287454
 128.79965738164316 0 15.576844952103182 0 0.0001641115071130877 0 0 0.12242329171966017 0 5003.1356031105925
 128.79286909535011 0 15.599157673515379 0 0.00027289573732990763 0 0 0.12248008536075415 0 5003.2018859189384
 128.78755352035299 0 15.616447729834157 0 0.00028509768602691919 0 0 0.12253738862262435 0 5003.2522779870415
 128.78305066088606 0 15.63010483459108 0 0.0002502140467816098 0 0 0.12258617132799596 0 5003.2954972569078
 128.77899588530784 0 15.641033351347549 0 0.00018567405291455011 0 0 0.12262440575879906 0 5003.3359078769518
 128.77528045369607 0 15.649386520011102 0 0.00010074611672050858 0 0 0.12264942540043995 0 5003.3751324790674
 128.77184660961211 0 15.655181784539966 0 2.3277080571310272e-06 0 0 0.1226586182381605 0 5003.4142131257749
 128.76864870089798 0 15.658391490970782 0 -0.00010368884278816543 0 0 0.12264922742141982 0 5003.4540759185256
 128.76563519723922 0 15.6589510963591 0 -0.00021180958157438612 0 0 0.12261786941737778 0 5003.49581096573
 128.76272519953761 0 15.656713918794642 0 -0.00031651410435291742 0 0 0.12255931841612044 0 5003.5411387009499
 128.75973159880471 0 15.651225588133933 0 -0.00041173401053813793 0 0 0.12246185108632208 0 5003.5940601108487
 128.75598525056404 0 15.640548796844026 0 -0.00048425751597229379 0 0 0.12228135876317743 0 5003.6693058677811
 128.75338452350721 0 15.632335136459476 0 -0.00048806404092643018 0 0 0.12212533389335953 0 5003.7253836912587
 128.75135509950587 0 15.626950002308455 0 -0.00046485962967087228 0 0 0.12199815654387303 0 5003.7689362939127
 128.74943045397356 0 15.623399328480001 0 -0.00042885960036389626 0 0 0.12188107746618562 0 5003.8086707858147
 128.74748705283861 0 15.621571343625332 0 -0.00038694173654276799 0 0 0.12176985153982683 0 5003.8466804490736
 128.74544468756903 0 15.621455227896128 0 -0.00034488230917035476 0 0 0.12166020210539003 0 5003.8844090505672
 128.74318973265676 0 15.623130903561572 0 -0.00030882317448292101 0 0 0.12154225385375461 0 5003.9241938844243
