
--- MODO LENTO ---
f_real: 0.016490,        f_lin: 0.015900,        error: 3.6%
amort_real: -0.002426,   amort_lin: -0.002716,   error: 11.9%

D(3) = -2.715893598563444e-03 + 9.990230927467852e-02i
omega = 9.990230927467852e-02
------------------


--- MODO RAPIDO ---
f_real: 0.246822,        f_lin: 0.233097,        error: 5.6%
amort_real: -0.572472,   amort_lin: -0.633145,   error: 10.6%
---------------------
